0 0.88671875 0.30703125 0.0484375 0.09521484375
0 0.8046875 0.2421875 0.1061767578125 0.10330810546875
0 0.775 0.52421875 0.07802734375 0.07666015625
0 0.140625 0.2703125 0.0654541015625 0.1125
0 0.2421875 0.25703125 0.0814208984375 0.08291015625
0 0.2296875 0.403125 0.06573486328125 0.06573486328125
0 0.38671875 0.19296875 0.06416015625 0.06700439453125
0 0.53515625 0.27265625 0.07650146484375 0.076513671875
0 0.4390625 0.33671875 0.034326171875 0.075
0 0.3546875 0.521875 0.08428955078125 0.0814453125
0 0.6609375 0.2109375 0.04686279296875 0.09044189453125
0 0.6453125 0.37421875 0.0812744140625 0.082763671875