0 0.021875 0.43203125 0.04375 0.0515625
0 0.08828125 0.4609375 0.045263671875 0.0438232421875
0 0.15390625 0.42734375 0.048486328125 0.04849853515625
0 0.1953125 0.48203125 0.02823486328125 0.05625
0 0.25859375 0.41796875 0.04217529296875 0.0609375
0 0.31171875 0.4703125 0.045166015625 0.043701171875
0 0.36796875 0.44609375 0.054833984375 0.054833984375
0 0.31171875 0.634375 0.039013671875 0.037548828125
0 0.375 0.5875 0.03134765625 0.046826171875
0 0.4265625 0.48203125 0.046923828125 0.045458984375
0 0.428125 0.64375 0.0375 0.05
0 0.4703125 0.578125 0.031396484375 0.0532958984375
0 0.496875 0.434375 0.034375 0.0657958984375
0 0.5296875 0.465625 0.03447265625 0.0626708984375
0 0.515625 0.60703125 0.028125 0.06103515625
0 0.55859375 0.65078125 0.02039794921875 0.05625
0 0.58515625 0.48515625 0.051513671875 0.0514892578125
0 0.63828125 0.43203125 0.05146484375 0.05157470703125
0 0.7203125 0.49609375 0.0498291015625 0.04857177734375
0 0.746875 0.46171875 0.028271484375 0.0545166015625
0 0.80625 0.47578125 0.0376953125 0.039111328125
0 0.83515625 0.43046875 0.045361328125 0.045361328125
0 0.9078125 0.47734375 0.0406005859375 0.040625
0 0.9609375 0.44375 0.03143310546875 0.06258544921875