0 0.8359375 0.384375 0.0467529296875 0.0718994140625
0 0.84296875 0.5640625 0.04541015625 0.0625244140625
0 0.80390625 0.484375 0.0670166015625 0.065576171875
0 0.75390625 0.3859375 0.0640625 0.0654541015625
0 0.684375 0.253125 0.0656494140625 0.06563720703125
0 0.68125 0.45078125 0.06243896484375 0.063916015625
0 0.6359375 0.29921875 0.06251220703125 0.06103515625
0 0.57578125 0.35234375 0.0453125 0.07646484375
0 0.4984375 0.4953125 0.04677734375 0.08427734375
0 0.4953125 0.309375 0.04364013671875 0.0750732421875
0 0.421875 0.55859375 0.0623779296875 0.0610595703125
0 0.40078125 0.48984375 0.054833984375 0.054833984375
0 0.34765625 0.5375 0.04228515625 0.08106689453125
0 0.37734375 0.3078125 0.034375 0.06571044921875
0 0.41484375 0.22890625 0.03916015625 0.0610595703125
0 0.29453125 0.371875 0.0734619140625 0.0749267578125
0 0.25859375 0.48671875 0.05146484375 0.05146484375
0 0.31875 0.2171875 0.0530029296875 0.05322265625
0 0.28359375 0.21875 0.0484130859375 0.046923828125
0 0.23046875 0.303125 0.05767822265625 0.0562255859375
0 0.165625 0.315625 0.0687744140625 0.0687255859375