0 0.178125 0.67578125 0.053271484375 0.0517333984375
0 0.32421875 0.65546875 0.0422607421875 0.0422607421875
0 0.4375 0.67734375 0.046728515625 0.04547119140625
0 0.5828125 0.6671875 0.034375 0.04063720703125
0 0.70078125 0.68828125 0.0389892578125 0.0375
0 0.8203125 0.66875 0.0466796875 0.0435546875
0 0.14140625 0.2046875 0.03912353515625 0.040478515625
0 0.2234375 0.22578125 0.031201171875 0.0297607421875
0 0.3046875 0.2015625 0.0343505859375 0.0343994140625
0 0.3671875 0.2125 0.0342529296875 0.03426513671875
0 0.440625 0.1921875 0.04072265625 0.0406982421875
0 0.509375 0.2296875 0.04053955078125 0.0375732421875
0 0.584375 0.2109375 0.04373779296875 0.04385986328125
0 0.653125 0.22421875 0.0404541015625 0.039111328125
0 0.73671875 0.19921875 0.032861328125 0.032861328125
0 0.8203125 0.23359375 0.0435791015625 0.04215087890625
0 0.91796875 0.215625 0.0359375 0.0436767578125