0 0.12109375 0.415625 0.0954833984375 0.090625
0 0.171875 0.36484375 0.08134765625 0.08271484375
0 0.19921875 0.28203125 0.0672607421875 0.06875
0 0.275 0.2375 0.071728515625 0.07177734375
0 0.33203125 0.1875 0.0577880859375 0.0593994140625
0 0.35859375 0.1125 0.057666015625 0.05634765625
0 0.39609375 0.075 0.048486328125 0.04993896484375
0 0.534375 0.0859375 0.0560546875 0.0533203125
0 0.58203125 0.1328125 0.05771484375 0.0592041015625
0 0.646875 0.17421875 0.0593017578125 0.0579833984375
0 0.7203125 0.20390625 0.05638427734375 0.05767822265625
0 0.78125 0.259375 0.059521484375 0.0595458984375
0 0.46640625 0.34453125 0.079833984375 0.079833984375
0 0.6015625 0.3578125 0.075 0.074951171875
0 0.7765625 0.32890625 0.050048828125 0.0515380859375
0 0.8296875 0.37734375 0.059375 0.057958984375
0 0.89296875 0.41875 0.0640625 0.0845458984375