0 0.121875 0.17109375 0.106298828125 0.1077880859375
0 0.24921875 0.60625 0.0453125 0.09376220703125
0 0.9484375 0.2265625 0.06552734375 0.06552734375
0 0.8859375 0.17734375 0.056396484375 0.057861328125
0 0.86015625 0.23828125 0.03271484375 0.08125
0 0.8203125 0.23046875 0.0376220703125 0.0828125
0 0.7875 0.28984375 0.059423828125 0.06083984375
0 0.74765625 0.23984375 0.070263671875 0.070263671875
0 0.69765625 0.29140625 0.079541015625 0.07952880859375
0 0.65703125 0.3046875 0.0734375 0.0719482421875
0 0.57890625 0.37265625 0.079638671875 0.079638671875
0 0.5171875 0.42109375 0.0718017578125 0.070361328125
0 0.434375 0.42265625 0.0624755859375 0.0625
0 0.3734375 0.4515625 0.0658203125 0.06571044921875
0 0.3 0.540625 0.071875 0.071923828125