0 0.09765625 0.09453125 0.1296630859375 0.1547119140625
0 0.29296875 0.0859375 0.135888671875 0.134521484375
0 0.49296875 0.0875 0.1265625 0.12509765625
0 0.10390625 0.30546875 0.1139892578125 0.1139892578125
0 0.30234375 0.3109375 0.09833984375 0.13751220703125
0 0.50859375 0.30390625 0.1201416015625 0.120166015625
0 0.69921875 0.1 0.11702880859375 0.11558837890625
0 0.90546875 0.0875 0.1233154296875 0.1218017578125
0 0.90703125 0.2953125 0.13902587890625 0.13763427734375
0 0.71015625 0.2890625 0.1513916015625 0.14990234375
0 0.8953125 0.48828125 0.13753662109375 0.13890380859375
0 0.70625 0.4921875 0.1063720703125 0.1468994140625
0 0.4921875 0.5 0.12177734375 0.1656494140625
0 0.29453125 0.4921875 0.15452880859375 0.15316162109375
0 0.09765625 0.4921875 0.1171142578125 0.16884765625
0 0.09921875 0.70625 0.126416015625 0.125146484375
0 0.3 0.7046875 0.1125 0.1529541015625
0 0.5015625 0.68515625 0.1217041015625 0.12044677734375
0 0.72109375 0.70234375 0.11707763671875 0.16397705078125
0 0.9015625 0.6984375 0.12509765625 0.12508544921875
0 0.0953125 0.8921875 0.1031982421875 0.14073486328125
0 0.2890625 0.8890625 0.1154296875 0.16241455078125
0 0.49765625 0.8984375 0.1295166015625 0.1282958984375
0 0.69609375 0.8984375 0.12646484375 0.12508544921875
0 0.91171875 0.8953125 0.1296875 0.13116455078125