0 0.03984375 0.05703125 0.0454345703125 0.0391845703125
0 0.31640625 0.10859375 0.0360595703125 0.036083984375
0 0.4828125 0.0625 0.05018310546875 0.0530517578125
0 0.10234375 0.17890625 0.05450439453125 0.05450439453125
0 0.30390625 0.203125 0.03905029296875 0.04375
0 0.5140625 0.17578125 0.05009765625 0.05146484375
0 0.72578125 0.171875 0.0421875 0.0344970703125
0 0.05859375 0.30703125 0.045361328125 0.045361328125
0 0.321875 0.31171875 0.0560546875 0.0546875
0 0.4765625 0.31015625 0.0593505859375 0.046875
0 0.728125 0.3171875 0.0406494140625 0.0437744140625
0 0.94140625 0.3375 0.0485595703125 0.0499755859375
0 0.14765625 0.45703125 0.05172119140625 0.051708984375
0 0.34921875 0.5390625 0.0923095703125 0.1030029296875
0 0.08671875 0.59921875 0.046875 0.04530029296875
0 0.7234375 0.4546875 0.053125 0.053125
0 0.9390625 0.46015625 0.05 0.0485107421875
0 0.68671875 0.5984375 0.0390625 0.04052734375
0 0.93984375 0.6 0.06104736328125 0.05
0 0.08046875 0.7375 0.0453125 0.04669189453125
0 0.228125 0.76015625 0.06268310546875 0.059375
0 0.509375 0.75078125 0.04697265625 0.05146484375
0 0.70234375 0.7421875 0.051513671875 0.050048828125
0 0.84140625 0.74609375 0.0515380859375 0.04521484375
0 0.1515625 0.91875 0.05947265625 0.0564453125
0 0.2875 0.88203125 0.05946044921875 0.06083984375
0 0.46875 0.975 0.053125 0.05
0 0.6609375 0.89453125 0.06231689453125 0.05137939453125
0 0.94140625 0.9046875 0.0577392578125 0.0468994140625