0 0.865625 0.1859375 0.0375 0.05078125
0 0.7984375 0.2046875 0.03984375 0.03046875
0 0.73125 0.17734375 0.03515625 0.0421875
0 0.6515625 0.165625 0.03125 0.0390625
0 0.57890625 0.18203125 0.0328125 0.03984375
0 0.50859375 0.134375 0.03828125 0.04453125
0 0.41640625 0.1515625 0.02890625 0.04140625
0 0.37578125 0.18125 0.040625 0.04609375
0 0.9171875 0.60625 0.040625 0.04453125
0 0.84296875 0.58125 0.03359375 0.0421875
0 0.796875 0.5953125 0.04296875 0.05
0 0.71796875 0.584375 0.04296875 0.06015625
0 0.60234375 0.58359375 0.04375 0.05234375
0 0.50078125 0.590625 0.04296875 0.05234375
0 0.4046875 0.58515625 0.04140625 0.059375
0 0.28984375 0.171875 0.03359375 0.04609375
0 0.24453125 0.1734375 0.0375 0.0484375
0 0.13671875 0.1671875 0.0375 0.04375
0 0.11171875 0.5875 0.03515625 0.046875
0 0.178125 0.5796875 0.03828125 0.04609375
0 0.225 0.56875 0.03046875 0.04140625
0 0.25625 0.575 0.03359375 0.0375
0 0.31875 0.584375 0.03828125 0.0484375