0 0.06171875 0.0515625 0.03603515625 0.03740234375
0 0.10625 0.16796875 0.03138427734375 0.032666015625
0 0.29921875 0.0484375 0.03277587890625 0.03138427734375
0 0.31953125 0.18515625 0.0421875 0.0360107421875
0 0.52421875 0.04609375 0.0357666015625 0.0357666015625
0 0.6796875 0.04375 0.0311767578125 0.03115234375
0 0.90859375 0.06875 0.0329345703125 0.0314453125
0 0.51171875 0.17109375 0.035791015625 0.035791015625
0 0.665625 0.1703125 0.03741455078125 0.03740234375
0 0.88515625 0.1796875 0.02666015625 0.02803955078125
0 0.1 0.2890625 0.03740234375 0.03740234375
0 0.2796875 0.290625 0.03751220703125 0.0345458984375
0 0.49765625 0.27890625 0.0358154296875 0.02978515625
0 0.74375 0.296875 0.037353515625 0.0345458984375
0 0.8625 0.28046875 0.0343994140625 0.03125
0 0.0734375 0.41640625 0.04061279296875 0.0296875
0 0.2921875 0.44765625 0.02828369140625 0.02972412109375
0 0.49140625 0.4203125 0.03907470703125 0.034375
0 0.6453125 0.4296875 0.0407958984375 0.043603515625
0 0.9515625 0.42265625 0.04044189453125 0.0390625
0 0.08125 0.52421875 0.04068603515625 0.03919677734375
0 0.30703125 0.54375 0.0392333984375 0.04052734375
0 0.46015625 0.5453125 0.0328125 0.0313232421875
0 0.69296875 0.54140625 0.0359130859375 0.035888671875
0 0.9390625 0.5484375 0.0375244140625 0.037451171875
0 0.07578125 0.65234375 0.042041015625 0.04202880859375
0 0.30078125 0.66171875 0.0328369140625 0.0298583984375
0 0.50546875 0.671875 0.0375 0.037646484375
0 0.7421875 0.70234375 0.03763427734375 0.03909912109375
0 0.91953125 0.6671875 0.0359375 0.03741455078125
0 0.06640625 0.7953125 0.028125 0.0281005859375
0 0.3 0.80234375 0.0406982421875 0.03125
0 0.5 0.7921875 0.0374267578125 0.0281005859375
0 0.70625 0.78828125 0.0312744140625 0.028125
0 0.90703125 0.79921875 0.0297119140625 0.0234619140625
0 0.05546875 0.91015625 0.0421875 0.0421630859375
0 0.2703125 0.9234375 0.03135986328125 0.03134765625
0 0.48203125 0.96484375 0.042138671875 0.04212646484375
0 0.7296875 0.91875 0.04071044921875 0.0310546875
0 0.95390625 0.915625 0.03916015625 0.040478515625