0 0.21953125 0.5328125 0.0421875 0.03203125
0 0.28984375 0.5375 0.0359375 0.03046875
0 0.34453125 0.52578125 0.04375 0.040625
0 0.409375 0.53828125 0.03984375 0.034375
0 0.5125 0.54765625 0.04609375 0.034375
0 0.56171875 0.55390625 0.0484375 0.03046875
0 0.65390625 0.51875 0.04375 0.034375
0 0.70078125 0.54921875 0.0421875 0.03203125
0 0.34453125 0.68515625 0.04375 0.034375
0 0.46171875 0.68203125 0.0484375 0.0390625
0 0.57421875 0.70234375 0.05234375 0.034375
0 0.71015625 0.70234375 0.04375 0.0375