0 0.56328125 0.20078125 0.096875 0.15546875
0 0.778125 0.1515625 0.096875 0.140625
0 0.80625 0.36875 0.0984375 0.1453125
0 0.45078125 0.378125 0.09296875 0.18515625
0 0.62578125 0.45390625 0.08046875 0.10859375
0 0.72265625 0.52734375 0.08046875 0.10390625
0 0.4859375 0.58046875 0.08515625 0.1359375
0 0.43671875 0.74609375 0.10078125 0.10625
0 0.33125 0.55859375 0.0828125 0.1109375
0 0.18046875 0.5765625 0.096875 0.1234375
0 0.2546875 0.25 0.0828125 0.1359375
0 0.34765625 0.2984375 0.0765625 0.11796875
0 0.2265625 0.43125 0.11796875 0.1625