0 0.38203125 0.17265625 0.1077880859375 0.0986083984375
0 0.53828125 0.2890625 0.1045654296875 0.1033203125
0 0.40390625 0.28359375 0.10145263671875 0.10145263671875
0 0.19609375 0.1859375 0.0891845703125 0.0904296875
0 0.17265625 0.04453125 0.0860595703125 0.0860107421875
0 0.05234375 0.14921875 0.0798095703125 0.1046875
0 0.76328125 0.053125 0.0891357421875 0.0938232421875
0 0.96640625 0.09921875 0.0671875 0.0796875
0 0.82421875 0.190625 0.1110107421875 0.1313720703125
0 0.603125 0.18515625 0.125048828125 0.126513671875
0 0.96875 0.32734375 0.0625 0.0734375
0 0.034375 0.2828125 0.06875 0.128125