0 0.0859375 0.43828125 0.046923828125 0.0483642578125
0 0.15 0.43125 0.0438720703125 0.071923828125
0 0.18125 0.415625 0.0248046875 0.0562744140625
0 0.20703125 0.45546875 0.0421630859375 0.0795654296875
0 0.3140625 0.4140625 0.04071044921875 0.0436767578125
0 0.290625 0.4625 0.05009765625 0.0498779296875
0 0.33984375 0.3625 0.0483642578125 0.0498291015625
0 0.35546875 0.47890625 0.06708984375 0.06710205078125
0 0.38828125 0.453125 0.05172119140625 0.05316162109375
0 0.4046875 0.37734375 0.05625 0.0548583984375
0 0.4765625 0.36015625 0.034326171875 0.0625
0 0.53203125 0.35703125 0.04862060546875 0.04862060546875
0 0.57890625 0.33984375 0.060888671875 0.06087646484375
0 0.6203125 0.375 0.065625 0.06561279296875
0 0.68828125 0.31484375 0.040625 0.0798583984375
0 0.7375 0.37421875 0.0532958984375 0.0826904296875
0 0.8359375 0.36171875 0.081201171875 0.07972412109375