0 0.4859375 0.71171875 0.053125 0.0484375
0 0.58125 0.61796875 0.034375 0.04609375
0 0.4046875 0.6140625 0.040625 0.03515625
0 0.38046875 0.49921875 0.0390625 0.0375
0 0.51640625 0.48828125 0.03359375 0.0375
0 0.6453125 0.51640625 0.03515625 0.03359375
0 0.68828125 0.42734375 0.04296875 0.03203125
0 0.584375 0.4359375 0.03125 0.028125
0 0.421875 0.43203125 0.03359375 0.03359375
0 0.3140625 0.40703125 0.03515625 0.028125
0 0.5296875 0.390625 0.0296875 0.02890625
0 0.7296875 0.33359375 0.0296875 0.03046875
0 0.6140625 0.32109375 0.03515625 0.028125
0 0.51796875 0.296875 0.03515625 0.028125
0 0.4453125 0.33984375 0.03125 0.034375
0 0.33671875 0.3625 0.0296875 0.03359375
0 0.2609375 0.31171875 0.021875 0.0265625
0 0.1125 0.1046875 0.021875 0.015625
0 0.128125 0.1609375 0.021875 0.02421875
0 0.19609375 0.12109375 0.025 0.025
0 0.2328125 0.09921875 0.01796875 0.02578125
0 0.21015625 0.1609375 0.0265625 0.02421875
0 0.1890625 0.2140625 0.021875 0.02421875
0 0.23046875 0.25703125 0.025 0.025
0 0.284375 0.20859375 0.03203125 0.02109375
0 0.3421875 0.19296875 0.01796875 0.01640625
0 0.3 0.284375 0.025 0.02890625
0 0.3625 0.23515625 0.021875 0.025
0 0.2703125 0.13203125 0.0234375 0.02109375
0 0.3515625 0.15546875 0.025 0.02421875
0 0.334375 0.1 0.021875 0.02265625
0 0.4109375 0.10390625 0.028125 0.02265625
0 0.43046875 0.16953125 0.021875 0.02421875
0 0.446875 0.13359375 0.0234375 0.021875
0 0.4859375 0.10078125 0.021875 0.02421875
0 0.45390625 0.2265625 0.021875 0.02578125
0 0.48671875 0.2078125 0.0234375 0.02578125
0 0.52265625 0.12890625 0.0234375 0.02578125
0 0.57109375 0.10859375 0.025 0.02578125
0 0.59375 0.14609375 0.0234375 0.021875
0 0.59453125 0.18828125 0.028125 0.025
0 0.55390625 0.23125 0.021875 0.02265625
0 0.53671875 0.26484375 0.02890625 0.02890625
0 0.65234375 0.10859375 0.01796875 0.02265625
0 0.66015625 0.15234375 0.02109375 0.02578125
0 0.63671875 0.23984375 0.0234375 0.025
0 0.6484375 0.26796875 0.025 0.02890625
0 0.69921875 0.20546875 0.02109375 0.025
0 0.73125 0.2296875 0.0234375 0.03046875
0 0.75859375 0.27421875 0.025 0.03515625
0 0.7296875 0.15234375 0.0234375 0.02578125
0 0.73515625 0.10703125 0.0234375 0.02734375
0 0.809375 0.11875 0.025 0.02265625
0 0.87265625 0.1234375 0.02109375 0.02421875
0 0.84140625 0.14609375 0.021875 0.021875
0 0.784375 0.1875 0.025 0.02265625
0 0.809375 0.20546875 0.021875 0.028125