0 0.184375 0.040625 0.046875 0.0375
0 0.44375 0.0515625 0.05234375 0.03984375
0 0.553125 0.05390625 0.04296875 0.03984375
0 0.75390625 0.07734375 0.05625 0.03359375
0 0.11328125 0.22265625 0.05234375 0.04140625
0 0.4640625 0.27890625 0.046875 0.046875
0 0.6203125 0.23046875 0.0484375 0.04453125
0 0.771875 0.2421875 0.03671875 0.03359375
0 0.19296875 0.3234375 0.02890625 0.0390625
0 0.31953125 0.4578125 0.04453125 0.0359375
0 0.5984375 0.39375 0.040625 0.0359375
0 0.8859375 0.396875 0.0484375 0.03515625
0 0.61640625 0.54921875 0.05234375 0.03515625
0 0.34921875 0.57421875 0.04296875 0.0421875
0 0.09921875 0.57421875 0.0546875 0.0390625
0 0.88671875 0.5796875 0.05078125 0.0390625
0 0.1046875 0.7640625 0.05078125 0.03359375
0 0.415625 0.746875 0.06953125 0.04140625
0 0.565625 0.75703125 0.04453125 0.0390625
0 0.77578125 0.75859375 0.0484375 0.03984375