0 0.08984375 0.071875 0.1453369140625 0.137548828125
0 0.296875 0.08125 0.1905029296875 0.15
0 0.48671875 0.084375 0.1734375 0.16875
0 0.70859375 0.0921875 0.1923095703125 0.1468994140625
0 0.89296875 0.07578125 0.1672607421875 0.12978515625
0 0.878125 0.01171875 0.00322265625 0.01875
0 0.0984375 0.28828125 0.181103515625 0.1514892578125
0 0.3 0.28671875 0.1718017578125 0.153125
0 0.49140625 0.2890625 0.17333984375 0.1623779296875
0 0.71171875 0.2828125 0.176708984375 0.1781982421875
0 0.88359375 0.28671875 0.157763671875 0.157763671875
0 0.103125 0.47734375 0.1718017578125 0.17037353515625
0 0.303125 0.48828125 0.168896484375 0.17017822265625
0 0.49296875 0.48515625 0.1734375 0.1734375
0 0.69140625 0.48671875 0.160888671875 0.160888671875
0 0.903125 0.490625 0.1625244140625 0.159521484375
0 0.09140625 0.68671875 0.175 0.16728515625
0 0.2984375 0.68515625 0.17518310546875 0.17666015625
0 0.503125 0.68828125 0.18447265625 0.185791015625
0 0.69140625 0.7015625 0.170263671875 0.171728515625
0 0.89296875 0.68828125 0.17342529296875 0.17342529296875
0 0.1015625 0.884375 0.178076171875 0.1781005859375
0 0.2984375 0.8796875 0.1842041015625 0.1841796875
0 0.503125 0.8828125 0.1811279296875 0.18125
0 0.69296875 0.884375 0.176611328125 0.1781005859375
0 0.9 0.87578125 0.15006103515625 0.151513671875