0 0.1671875 0.53203125 0.049853515625 0.0485107421875
0 0.265625 0.47890625 0.0500244140625 0.048583984375
0 0.246875 0.6140625 0.05919189453125 0.05643310546875
0 0.39921875 0.534375 0.0485595703125 0.0438232421875
0 0.45078125 0.50234375 0.05146484375 0.0391357421875
0 0.52734375 0.60625 0.08592529296875 0.05009765625
0 0.59609375 0.540625 0.05450439453125 0.04677734375
0 0.52109375 0.49765625 0.04521484375 0.0421142578125
0 0.67890625 0.52265625 0.0420654296875 0.0375
0 0.759375 0.55625 0.03760986328125 0.03759765625
0 0.8453125 0.59765625 0.06865234375 0.06728515625
0 0.396875 0.33828125 0.037353515625 0.03590087890625
0 0.528125 0.2078125 0.03428955078125 0.02811279296875
0 0.6640625 0.2125 0.03116455078125 0.03115234375
0 0.5390625 0.3203125 0.0376220703125 0.028271484375
0 0.6796875 0.36171875 0.037646484375 0.038916015625