0 0.06484375 0.14453125 0.08914794921875 0.08917236328125
0 0.0453125 0.2703125 0.090625 0.103125
0 0.05625 0.4234375 0.11240234375 0.11241455078125
0 0.0453125 0.66796875 0.090625 0.1859375
0 0.209375 0.125 0.1092529296875 0.10926513671875
0 0.17265625 0.25625 0.1048095703125 0.1062744140625
0 0.35078125 0.1359375 0.0875 0.0875
0 0.27578125 0.3171875 0.1170166015625 0.1156982421875
0 0.40234375 0.23125 0.0953125 0.09383544921875
0 0.365625 0.36875 0.1001953125 0.10018310546875
0 0.17421875 0.546875 0.08270263671875 0.15323486328125
0 0.40234375 0.5546875 0.09521484375 0.1563720703125
0 0.246875 0.790625 0.134326171875 0.1373046875
0 0.45625 0.7375 0.1189208984375 0.1189453125
0 0.528125 0.38515625 0.137353515625 0.1359130859375
0 0.50859375 0.10625 0.0640625 0.12508544921875
0 0.56015625 0.215625 0.11087646484375 0.1123291015625
0 0.68515625 0.12265625 0.07344970703125 0.134375
0 0.63359375 0.25078125 0.09522705078125 0.09522705078125
0 0.715625 0.41171875 0.1157470703125 0.117236328125
0 0.57421875 0.50625 0.0796142578125 0.15634765625
0 0.69296875 0.69921875 0.15137939453125 0.15
0 0.76328125 0.2328125 0.1045166015625 0.1032470703125
0 0.825 0.14453125 0.078125 0.13583984375
0 0.95859375 0.13984375 0.0828125 0.1046875
0 0.92109375 0.24921875 0.0765625 0.13291015625
0 0.92265625 0.4234375 0.11107177734375 0.11256103515625
0 0.80859375 0.5984375 0.14205322265625 0.14075927734375
0 0.953125 0.6265625 0.0876220703125 0.15001220703125
0 0.90703125 0.85859375 0.1203125 0.19539794921875