0 0.2640625 0.10546875 0.1405517578125 0.1420166015625
0 0.403125 0.290625 0.146923828125 0.146826171875
0 0.4546875 0.178125 0.1281982421875 0.1281982421875
0 0.428125 0.0484375 0.109375 0.096875
0 0.58359375 0.28359375 0.135888671875 0.1359130859375
0 0.7484375 0.190625 0.13125 0.128125
0 0.72734375 0.05546875 0.1296875 0.1076416015625
0 0.890625 0.08203125 0.1220458984375 0.1360595703125
0 0.921875 0.34140625 0.1188720703125 0.1202392578125
0 0.04375 0.140625 0.0875 0.11875
0 0.96796875 0.2109375 0.0640625 0.08125