0 0.12890625 0.1453125 0.232666015625 0.23140869140625
0 0.37734375 0.14765625 0.22342529296875 0.22342529296875
0 0.62890625 0.14453125 0.24219970703125 0.215625
0 0.88203125 0.13984375 0.217138671875 0.217138671875
0 0.121875 0.3828125 0.227978515625 0.225048828125
0 0.375 0.384375 0.259423828125 0.20625
0 0.63046875 0.3859375 0.2326416015625 0.2125244140625
0 0.88203125 0.38515625 0.2359375 0.2359375
0 0.1359375 0.62265625 0.2314208984375 0.23287353515625
0 0.37890625 0.6203125 0.2297607421875 0.231103515625
0 0.6265625 0.6234375 0.24063720703125 0.24063720703125
0 0.8796875 0.6171875 0.240625 0.203125
0 0.12890625 0.8625 0.2389404296875 0.2376953125
0 0.38203125 0.8578125 0.27332763671875 0.21884765625
0 0.63046875 0.8578125 0.220458984375 0.2219482421875
0 0.88203125 0.8609375 0.234375 0.206201171875