0 0.33671875 0.20546875 0.10791015625 0.08887939453125
0 0.52578125 0.26171875 0.086083984375 0.0861083984375
0 0.72734375 0.26640625 0.1015380859375 0.1016845703125
0 0.23203125 0.41015625 0.1 0.1
0 0.42890625 0.40390625 0.098486328125 0.0984619140625
0 0.57890625 0.396875 0.115625 0.1157470703125
0 0.74296875 0.40625 0.14228515625 0.11856689453125
0 0.21171875 0.5609375 0.1139404296875 0.112646484375
0 0.4 0.57421875 0.09981689453125 0.0984375
0 0.61484375 0.609375 0.1232666015625 0.1218505859375
0 0.7765625 0.61953125 0.118603515625 0.11732177734375