0 0.16875 0.134375 0.190625 0.19061279296875
0 0.4046875 0.09453125 0.2 0.1890625
0 0.6328125 0.1203125 0.2156494140625 0.20009765625
0 0.88203125 0.11171875 0.17967529296875 0.1796875
0 0.10859375 0.45234375 0.1857666015625 0.184375
0 0.375 0.4640625 0.16875 0.193701171875
0 0.615625 0.43671875 0.1594970703125 0.16719970703125
0 0.8921875 0.46171875 0.1720458984375 0.1734619140625
0 0.11640625 0.76796875 0.19825439453125 0.19530029296875
0 0.340625 0.77734375 0.1782958984375 0.179736328125
0 0.66015625 0.76328125 0.2015625 0.19521484375
0 0.93359375 0.75546875 0.1328125 0.1765625