0 0.38203125 0.17265625 0.09765625 0.08828125
0 0.53828125 0.2890625 0.08984375 0.1046875
0 0.40390625 0.28359375 0.07890625 0.11328125
0 0.19609375 0.1859375 0.06640625 0.0953125
0 0.17265625 0.04453125 0.07109375 0.08828125
0 0.05234375 0.14921875 0.07109375 0.0984375
0 0.76328125 0.053125 0.08515625 0.08984375
0 0.9734375 0.10078125 0.053125 0.1015625
0 0.82421875 0.190625 0.11015625 0.13203125
0 0.603125 0.18515625 0.10625 0.1265625
0 0.9765625 0.32890625 0.046875 0.0921875
0 0.03203125 0.28359375 0.0640625 0.1234375