0 0.18125 0.49296875 0.065771484375 0.0671875
0 0.2453125 0.40234375 0.06234130859375 0.06107177734375
0 0.346875 0.37734375 0.0531005859375 0.051708984375
0 0.375 0.33125 0.0470458984375 0.0498046875
0 0.48203125 0.40625 0.06708984375 0.0564453125
0 0.5703125 0.340625 0.05008544921875 0.05323486328125
0 0.67890625 0.33125 0.05137939453125 0.04705810546875
0 0.7125 0.37109375 0.06561279296875 0.05478515625
0 0.71328125 0.43203125 0.078125 0.0625
0 0.76328125 0.4765625 0.07333984375 0.07197265625
0 0.5234375 0.4734375 0.0686767578125 0.06572265625