0 0.22265625 0.37265625 0.06103515625 0.0609130859375
0 0.33515625 0.37890625 0.057958984375 0.057958984375
0 0.44765625 0.41484375 0.05 0.06875
0 0.528125 0.4421875 0.0594970703125 0.0593505859375
0 0.63125 0.45078125 0.056201171875 0.0547119140625
0 0.703125 0.44140625 0.0564453125 0.0578857421875
0 0.81171875 0.403125 0.07646484375 0.0751953125
0 0.29453125 0.55078125 0.067333984375 0.0673583984375
0 0.7015625 0.54375 0.06893310546875 0.07188720703125
0 0.79375 0.52421875 0.071923828125 0.0733154296875
0 0.56796875 0.54140625 0.070458984375 0.07047119140625
0 0.40625 0.52734375 0.077978515625 0.07669677734375