0 0.078125 0.05 0.05946044921875 0.06876220703125
0 0.25078125 0.040625 0.05784912109375 0.05931396484375
0 0.05078125 0.25390625 0.0641845703125 0.0638916015625
0 0.2375 0.20859375 0.05606689453125 0.06102294921875
0 0.1140625 0.43046875 0.040771484375 0.05166015625
0 0.25859375 0.37109375 0.04539794921875 0.05166015625
0 0.14140625 0.5390625 0.0358642578125 0.0344482421875
0 0.24296875 0.5390625 0.0453369140625 0.04677734375
0 0.08359375 0.71484375 0.0577880859375 0.0577880859375
0 0.23984375 0.7109375 0.06099853515625 0.05950927734375
0 0.41484375 0.05 0.06402587890625 0.06265869140625
0 0.5859375 0.0328125 0.0437744140625 0.0437744140625
0 0.7484375 0.0390625 0.0533203125 0.053271484375
0 0.92265625 0.03984375 0.06397705078125 0.04229736328125
0 0.43359375 0.22890625 0.05770263671875 0.0578125
0 0.58359375 0.2265625 0.05625 0.05625
0 0.76796875 0.203125 0.06083984375 0.05948486328125
0 0.93671875 0.25703125 0.0579345703125 0.0515625
0 0.4046875 0.3765625 0.05947265625 0.05635986328125
0 0.59296875 0.365625 0.048291015625 0.0470458984375
0 0.7484375 0.37890625 0.056298828125 0.0548583984375
0 0.9546875 0.38828125 0.0467041015625 0.0454833984375
0 0.4109375 0.53984375 0.0593505859375 0.05794677734375
0 0.58046875 0.5453125 0.06397705078125 0.06553955078125
0 0.76796875 0.53828125 0.04237060546875 0.04512939453125
0 0.87890625 0.54296875 0.0485107421875 0.0513916015625
0 0.44609375 0.7078125 0.0640869140625 0.056396484375
0 0.56875 0.7109375 0.0564208984375 0.0436767578125
0 0.7625 0.7171875 0.065576171875 0.056201171875
0 0.91484375 0.725 0.05452880859375 0.053076171875
0 0.0796875 0.8859375 0.05625 0.0562744140625
0 0.24609375 0.90078125 0.06875 0.06083984375
0 0.421875 0.8890625 0.0531494140625 0.0501708984375
0 0.5875 0.8890625 0.0563720703125 0.0625732421875
0 0.75078125 0.884375 0.07017822265625 0.068896484375
0 0.93046875 0.8921875 0.07333984375 0.07197265625