0 0.8953125 0.21484375 0.04765625 0.05546875
0 0.85078125 0.14765625 0.0453125 0.04140625
0 0.83671875 0.3359375 0.05 0.04609375
0 0.459375 0.18828125 0.0546875 0.04296875
0 0.56640625 0.134375 0.0453125 0.03984375
0 0.34453125 0.22109375 0.04296875 0.04296875
0 0.25625 0.31953125 0.05703125 0.05234375
0 0.40390625 0.290625 0.05234375 0.04453125
0 0.25546875 0.428125 0.0546875 0.04609375
0 0.334375 0.415625 0.05234375 0.05078125
0 0.0796875 0.56015625 0.05 0.05390625
0 0.16953125 0.60625 0.0546875 0.04765625
0 0.3171875 0.60859375 0.0546875 0.05234375
0 0.25390625 0.4984375 0.05703125 0.05703125
0 0.5140625 0.36640625 0.0546875 0.05703125
0 0.61015625 0.353125 0.04765625 0.04921875
0 0.6921875 0.62578125 0.0640625 0.04765625
0 0.7671875 0.59296875 0.06171875 0.05546875
0 0.725 0.528125 0.0640625 0.05546875
0 0.8203125 0.48984375 0.06875 0.05234375
0 0.7609375 0.37890625 0.05 0.05859375
0 0.77734375 0.2625 0.040625 0.04296875
0 0.6859375 0.165625 0.03828125 0.04609375