0 0.1578125 0.0875 0.03828125 0.0453125
0 0.91171875 0.1 0.03984375 0.046875
0 0.109375 0.34765625 0.03515625 0.0515625
0 0.30546875 0.3140625 0.0546875 0.0515625
0 0.50703125 0.334375 0.03671875 0.0515625
0 0.715625 0.33046875 0.03515625 0.0484375
0 0.8640625 0.3453125 0.04140625 0.03984375
0 0.11953125 0.57734375 0.0453125 0.0546875
0 0.33046875 0.5828125 0.03515625 0.04140625
0 0.5140625 0.58515625 0.04140625 0.046875
0 0.6671875 0.59765625 0.0484375 0.0484375
0 0.9515625 0.58671875 0.046875 0.06015625
0 0.134375 0.80234375 0.03515625 0.0515625
0 0.31796875 0.8265625 0.03671875 0.04296875
0 0.45390625 0.8671875 0.0484375 0.0546875
0 0.7078125 0.828125 0.03828125 0.05
0 0.86640625 0.83046875 0.03671875 0.0453125