0 0.87734375 0.55546875 0.04228515625 0.04521484375
0 0.84765625 0.49765625 0.0421875 0.0453125
0 0.809375 0.3890625 0.0407470703125 0.04073486328125
0 0.7828125 0.5296875 0.0376708984375 0.0376708984375
0 0.171875 0.40546875 0.0374755859375 0.0375
0 0.1640625 0.45703125 0.0343017578125 0.03284912109375
0 0.13828125 0.53828125 0.0391357421875 0.0421875
0 0.2265625 0.5265625 0.04373779296875 0.04375
0 0.27734375 0.3984375 0.0388916015625 0.0374755859375
0 0.3328125 0.53125 0.0405517578125 0.0405517578125
0 0.3578125 0.603125 0.04072265625 0.0500732421875
0 0.41875 0.53125 0.04061279296875 0.04063720703125
0 0.421875 0.59296875 0.0374267578125 0.0359619140625
0 0.5046875 0.54453125 0.0343994140625 0.0359130859375
0 0.56640625 0.628125 0.035791015625 0.0343017578125
0 0.578125 0.52265625 0.04051513671875 0.04520263671875
0 0.6921875 0.51953125 0.04072265625 0.04208984375
0 0.34453125 0.4203125 0.02965087890625 0.03109130859375
0 0.415625 0.3984375 0.03446044921875 0.0344482421875
0 0.47578125 0.38125 0.029833984375 0.03125
0 0.596875 0.40234375 0.0312255859375 0.03125
0 0.6765625 0.39609375 0.03433837890625 0.03284912109375
0 0.73671875 0.41484375 0.02353515625 0.02666015625