0 0.8484375 0.41953125 0.07508544921875 0.0546875
0 0.79609375 0.39140625 0.05146484375 0.05146484375
0 0.7375 0.42578125 0.0749755859375 0.076416015625
0 0.64609375 0.44140625 0.078125 0.0673583984375
0 0.70234375 0.56328125 0.0826416015625 0.0796630859375
0 0.565625 0.4484375 0.05330810546875 0.04365234375
0 0.5546875 0.57109375 0.08427734375 0.071875
0 0.4640625 0.47890625 0.04984130859375 0.04840087890625
0 0.45546875 0.56875 0.06103515625 0.062353515625
0 0.3671875 0.478125 0.0531005859375 0.053125
0 0.24375 0.48359375 0.059375 0.0515625
0 0.2 0.5890625 0.0687255859375 0.06875
0 0.33203125 0.54375 0.0611083984375 0.0625244140625
0 0.31640625 0.6484375 0.08602294921875 0.07481689453125