0 0.11953125 0.28203125 0.101513671875 0.10152587890625
0 0.1171875 0.4140625 0.07205810546875 0.11260986328125
0 0.2 0.39375 0.0782470703125 0.078271484375
0 0.2328125 0.28046875 0.0906005859375 0.0891357421875
0 0.30234375 0.28984375 0.0703857421875 0.071875
0 0.35 0.23984375 0.04364013671875 0.08291015625
0 0.4 0.2859375 0.0656982421875 0.06571044921875
0 0.40625 0.3625 0.0656005859375 0.065625
0 0.46328125 0.3796875 0.0390625 0.08446044921875
0 0.46171875 0.27265625 0.0672119140625 0.067236328125
0 0.49140625 0.19609375 0.0485107421875 0.0986083984375
0 0.5546875 0.20390625 0.0842041015625 0.08271484375
0 0.56640625 0.35 0.06875 0.06875
0 0.65859375 0.2671875 0.060986328125 0.062451171875
0 0.70078125 0.253125 0.085791015625 0.084521484375
0 0.771875 0.25703125 0.0876220703125 0.0875
0 0.87265625 0.2328125 0.0828125 0.1218017578125
0 0.72109375 0.3828125 0.098486328125 0.09996337890625
0 0.653125 0.465625 0.0531005859375 0.10615234375