0 0.0953125 0.05703125 0.15 0.1140625
0 0.253125 0.0609375 0.125 0.121875
0 0.42109375 0.05546875 0.14208984375 0.09521484375
0 0.5734375 0.05546875 0.115625 0.1109375
0 0.74765625 0.05625 0.1140625 0.1125
0 0.90234375 0.065625 0.1390625 0.13125
0 0.0984375 0.19609375 0.13436279296875 0.09208984375
0 0.25546875 0.2015625 0.1359375 0.09677734375
0 0.41953125 0.190625 0.1079833984375 0.075146484375
0 0.5859375 0.19609375 0.11578369140625 0.11722412109375
0 0.74375 0.1953125 0.0874267578125 0.0874267578125
0 0.90546875 0.19765625 0.10770263671875 0.10770263671875
0 0.09296875 0.34453125 0.103125 0.103125
0 0.25 0.34140625 0.1092041015625 0.1079345703125
0 0.4171875 0.3359375 0.1154296875 0.0811767578125
0 0.584375 0.33671875 0.11865234375 0.08291015625
0 0.74609375 0.34296875 0.107763671875 0.1077392578125
0 0.9078125 0.33515625 0.1251708984375 0.0796875
0 0.0921875 0.48359375 0.12498779296875 0.09532470703125
0 0.25625 0.48671875 0.1063720703125 0.0890625
0 0.415625 0.471875 0.1063232421875 0.1063232421875
0 0.57890625 0.4828125 0.1140869140625 0.1156005859375
0 0.74765625 0.4828125 0.12646484375 0.09072265625
0 0.9109375 0.4859375 0.1218505859375 0.09991455078125
0 0.090625 0.621875 0.1188720703125 0.11884765625
0 0.25 0.625 0.1404541015625 0.10313720703125
0 0.42421875 0.61953125 0.1172607421875 0.1172607421875
0 0.58515625 0.62421875 0.1266357421875 0.1266357421875
0 0.74375 0.62578125 0.15313720703125 0.09530029296875
0 0.91015625 0.62421875 0.13291015625 0.11416015625
0 0.09453125 0.76484375 0.09833984375 0.0984619140625
0 0.2609375 0.76484375 0.1344482421875 0.0875
0 0.43359375 0.7640625 0.117138671875 0.11568603515625
0 0.59140625 0.76640625 0.1172119140625 0.1172119140625
0 0.75 0.76171875 0.1188720703125 0.120361328125
0 0.91640625 0.76484375 0.1513916015625 0.1140869140625
0 0.1015625 0.90078125 0.1283203125 0.1296630859375
0 0.2625 0.90546875 0.1343994140625 0.13297119140625
0 0.42734375 0.90625 0.142138671875 0.140625
0 0.58671875 0.90234375 0.117138671875 0.117138671875
0 0.753125 0.9078125 0.125 0.12501220703125