0 0.0703125 0.0875 0.1216796875 0.12169189453125
0 0.04609375 0.246875 0.08924560546875 0.1310791015625
0 0.15546875 0.2234375 0.10791015625 0.1470458984375
0 0.3296875 0.12734375 0.109521484375 0.110986328125
0 0.27265625 0.2765625 0.1046630859375 0.131103515625
0 0.49453125 0.25546875 0.11416015625 0.13583984375
0 0.3921875 0.12890625 0.0969482421875 0.09833984375
0 0.490625 0.075 0.10625 0.1092041015625
0 0.5671875 0.12421875 0.1248779296875 0.12666015625
0 0.6640625 0.0875 0.0779296875 0.1313720703125
0 0.70078125 0.2640625 0.07032470703125 0.13741455078125
0 0.7453125 0.16015625 0.11253662109375 0.11402587890625
0 0.80390625 0.26640625 0.154833984375 0.1548095703125
0 0.915625 0.04609375 0.09375 0.0921875
0 0.95234375 0.1375 0.0953125 0.1125