0 0.1109375 0.20703125 0.0967041015625 0.0954345703125
0 0.21484375 0.15625 0.0734130859375 0.1187255859375
0 0.0984375 0.384375 0.09677734375 0.0968017578125
0 0.2359375 0.35234375 0.0876220703125 0.089111328125
0 0.325 0.1515625 0.075048828125 0.07509765625
0 0.36875 0.196875 0.10323486328125 0.10323486328125
0 0.33203125 0.3640625 0.088916015625 0.0874755859375
0 0.2484375 0.5109375 0.1187744140625 0.11875
0 0.521875 0.11328125 0.07799072265625 0.07650146484375
0 0.5265625 0.2359375 0.075146484375 0.0750732421875
0 0.46875 0.35625 0.08115234375 0.08115234375
0 0.38671875 0.5828125 0.11875 0.11865234375
0 0.521875 0.58671875 0.1031494140625 0.103125
0 0.58125 0.296875 0.075146484375 0.0750732421875
0 0.675 0.190625 0.05927734375 0.10301513671875
0 0.6953125 0.103125 0.0783203125 0.08106689453125
0 0.78984375 0.20859375 0.088916015625 0.088916015625
0 0.8484375 0.1328125 0.09697265625 0.09697265625
0 0.66875 0.57265625 0.096875 0.09541015625
0 0.778125 0.5359375 0.106201171875 0.103173828125
0 0.95703125 0.4375 0.0859375 0.1
0 0.7 0.27890625 0.0814453125 0.0828125