0 0.15703125 0.10234375 0.12958984375 0.1295654296875
0 0.25625 0.15234375 0.09381103515625 0.09525146484375
0 0.325 0.11171875 0.065625 0.1170166015625
0 0.425 0.1109375 0.0685546875 0.1154296875
0 0.48515625 0.12421875 0.076708984375 0.076708984375
0 0.57421875 0.14375 0.08609619140625 0.0873779296875
0 0.63203125 0.14296875 0.0828125 0.0828125
0 0.66875 0.184375 0.0656005859375 0.1029541015625
0 0.76640625 0.0828125 0.117333984375 0.11865234375
0 0.878125 0.128125 0.1373779296875 0.1373779296875
0 0.55546875 0.4109375 0.10478515625 0.10616455078125