0 0.0703125 0.0875 0.1 0.13203125
0 0.04609375 0.246875 0.08203125 0.1265625
0 0.15546875 0.2234375 0.0953125 0.13984375
0 0.3296875 0.12734375 0.103125 0.0984375
0 0.27265625 0.2765625 0.09140625 0.1203125
0 0.49453125 0.25546875 0.1015625 0.125
0 0.3921875 0.12890625 0.06484375 0.121875
0 0.490625 0.075 0.078125 0.1265625
0 0.5671875 0.12421875 0.11796875 0.121875
0 0.6640625 0.0875 0.075 0.13203125
0 0.70078125 0.2640625 0.06484375 0.13515625
0 0.7453125 0.16015625 0.08984375 0.13671875
0 0.80390625 0.26640625 0.121875 0.16015625
0 0.915625 0.04609375 0.0953125 0.08515625
0 0.9625 0.1390625 0.075 0.13203125