0 0.24765625 0.2015625 0.034375 0.0345703125
0 0.3140625 0.2015625 0.037548828125 0.037548828125
0 0.41328125 0.196875 0.03580322265625 0.0344482421875
0 0.47578125 0.19296875 0.0298095703125 0.0298095703125
0 0.553125 0.18671875 0.0313720703125 0.0326416015625
0 0.628125 0.19765625 0.0314208984375 0.032861328125
0 0.778125 0.1796875 0.0468505859375 0.043798828125
0 0.80859375 0.1859375 0.032763671875 0.03125
0 0.2171875 0.72421875 0.0375244140625 0.0375
0 0.3 0.7234375 0.04071044921875 0.04366455078125
0 0.40078125 0.71875 0.04521484375 0.04072265625
0 0.49609375 0.70859375 0.040625 0.040625
0 0.57265625 0.70703125 0.0375 0.0375
0 0.665625 0.71796875 0.03765869140625 0.039111328125
0 0.74765625 0.69375 0.0422607421875 0.0437255859375
0 0.86015625 0.7109375 0.05166015625 0.040625