0 0.0328125 0.10078125 0.065625 0.0953125
0 0.1109375 0.134375 0.10010986328125 0.09989013671875
0 0.215625 0.15859375 0.12197265625 0.1235107421875
0 0.14921875 0.26171875 0.12353515625 0.12637939453125
0 0.4234375 0.1671875 0.0968017578125 0.0967529296875
0 0.3171875 0.12578125 0.11251220703125 0.1125
0 0.3875 0.290625 0.1188720703125 0.11885986328125
0 0.5453125 0.17734375 0.09388427734375 0.095166015625
0 0.715625 0.06171875 0.0998779296875 0.0985107421875
0 0.86328125 0.0421875 0.0953125 0.084375
0 0.59296875 0.29765625 0.09532470703125 0.12012939453125
0 0.784375 0.18671875 0.121826171875 0.1232666015625
0 0.88359375 0.3140625 0.07353515625 0.103173828125