0 0.07265625 0.278125 0.076611328125 0.07515869140625
0 0.065625 0.3796875 0.0531494140625 0.087353515625
0 0.23515625 0.34765625 0.0516357421875 0.1
0 0.209375 0.440625 0.04697265625 0.0812744140625
0 0.34296875 0.365625 0.02978515625 0.07197265625
0 0.378125 0.35625 0.071875 0.0718994140625
0 0.47578125 0.3296875 0.0546630859375 0.112451171875
0 0.60390625 0.3046875 0.0513916015625 0.1029296875
0 0.49609375 0.43515625 0.065625 0.065625
0 0.62734375 0.41953125 0.065625 0.06700439453125
0 0.76171875 0.3515625 0.0578125 0.10322265625
0 0.93125 0.31328125 0.08763427734375 0.089111328125
0 0.971875 0.44296875 0.05302734375 0.0545654296875
0 0.85859375 0.46796875 0.064208984375 0.064208984375
0 0.6875 0.453125 0.043701171875 0.07802734375