0 0.14375 0.1203125 0.12822265625 0.1281005859375
0 0.76484375 0.1734375 0.1108154296875 0.1094482421875
0 0.2390625 0.24140625 0.075146484375 0.07642822265625
0 0.38671875 0.28203125 0.08582763671875 0.11075439453125
0 0.365625 0.44609375 0.131396484375 0.132861328125
0 0.40625 0.59765625 0.10634765625 0.1078125
0 0.5328125 0.35390625 0.0781982421875 0.12978515625
0 0.6359375 0.37265625 0.099951171875 0.09859619140625
0 0.71015625 0.3890625 0.07657470703125 0.10616455078125
0 0.8453125 0.30078125 0.0875 0.1264892578125
0 0.8953125 0.5875 0.10615234375 0.1061767578125