0 0.08359375 0.60078125 0.045166015625 0.045166015625
0 0.228125 0.5703125 0.05302734375 0.04677734375
0 0.146875 0.6515625 0.04686279296875 0.0470703125
0 0.871875 0.665625 0.0562744140625 0.05625
0 0.30390625 0.62421875 0.051708984375 0.051708984375
0 0.3890625 0.59296875 0.04361572265625 0.04232177734375
0 0.528125 0.5828125 0.05614013671875 0.03760986328125
0 0.73046875 0.603125 0.051416015625 0.049951171875
0 0.6609375 0.64296875 0.050048828125 0.051513671875
0 0.42578125 0.64921875 0.0547607421875 0.0423095703125
0 0.25625 0.8265625 0.05301513671875 0.05323486328125
0 0.36875 0.8296875 0.0530029296875 0.05302734375
0 0.475 0.83125 0.0532470703125 0.0531982421875
0 0.61640625 0.83046875 0.06875 0.04862060546875
0 0.74375 0.84296875 0.053271484375 0.0423583984375