0 0.1140625 0.12734375 0.15946044921875 0.11737060546875
0 0.321875 0.08125 0.165625 0.1625
0 0.6578125 0.06171875 0.128125 0.1234375
0 0.88359375 0.08125 0.1235107421875 0.106298828125
0 0.26484375 0.60390625 0.11103515625 0.11103515625
0 0.33671875 0.77421875 0.13592529296875 0.1359375
0 0.73125 0.6015625 0.2 0.124951171875
0 0.88984375 0.78984375 0.15469970703125 0.07325439453125
0 0.41328125 0.53671875 0.036083984375 0.0361083984375
0 0.434375 0.08359375 0.09390869140625 0.09537353515625
0 0.04453125 0.05703125 0.0826416015625 0.0639892578125