0 0.06484375 0.14453125 0.09539794921875 0.09542236328125
0 0.04453125 0.26953125 0.0890625 0.1015625
0 0.05625 0.4234375 0.09052734375 0.1437744140625
0 0.05390625 0.66640625 0.1078125 0.1359375
0 0.209375 0.125 0.109521484375 0.1095458984375
0 0.17265625 0.25625 0.10462646484375 0.10609130859375
0 0.35078125 0.1359375 0.06396484375 0.109375
0 0.27578125 0.3171875 0.07352294921875 0.14376220703125
0 0.40234375 0.23125 0.09833984375 0.09696044921875
0 0.365625 0.36875 0.0751953125 0.1219482421875
0 0.17421875 0.546875 0.0797607421875 0.1531494140625
0 0.40234375 0.5546875 0.1265625 0.12803955078125
0 0.246875 0.790625 0.0939208984375 0.16259765625
0 0.45625 0.7375 0.1218505859375 0.121875
0 0.528125 0.38515625 0.131396484375 0.1326904296875
0 0.50859375 0.10625 0.09375 0.0937255859375
0 0.56015625 0.215625 0.11087646484375 0.1123291015625
0 0.68515625 0.12265625 0.11075439453125 0.109375
0 0.63359375 0.25078125 0.1013916015625 0.1013916015625
0 0.715625 0.41171875 0.10947265625 0.110986328125
0 0.57421875 0.50625 0.11734619140625 0.118603515625
0 0.69296875 0.69921875 0.1421142578125 0.14208984375
0 0.76328125 0.2328125 0.1048095703125 0.1061767578125
0 0.825 0.14453125 0.106201171875 0.104736328125
0 0.9578125 0.13984375 0.084375 0.1046875
0 0.92109375 0.24921875 0.107958984375 0.107958984375
0 0.92265625 0.4234375 0.12327880859375 0.12203369140625
0 0.80859375 0.5984375 0.1422607421875 0.1436767578125
0 0.94375 0.625 0.1125 0.128125
0 0.90703125 0.85859375 0.154541015625 0.1545166015625