0 0.08359375 0.60078125 0.05 0.0359375
0 0.228125 0.5703125 0.05 0.04375
0 0.146875 0.6515625 0.05546875 0.034375
0 0.871875 0.665625 0.06640625 0.046875
0 0.30390625 0.62421875 0.059375 0.0390625
0 0.3890625 0.59296875 0.04765625 0.0359375
0 0.528125 0.5828125 0.0515625 0.034375
0 0.73046875 0.603125 0.0515625 0.04375
0 0.6609375 0.64296875 0.059375 0.0359375
0 0.42578125 0.64921875 0.05390625 0.0421875
0 0.25625 0.8265625 0.05546875 0.04140625
0 0.36875 0.8296875 0.05546875 0.04375
0 0.475 0.83125 0.0578125 0.0421875
0 0.61640625 0.83046875 0.065625 0.04453125
0 0.74375 0.84296875 0.0515625 0.03828125