0 0.08671875 0.44921875 0.053125 0.05
0 0.2140625 0.45 0.06875 0.05859375
0 0.27890625 0.44296875 0.04453125 0.06171875
0 0.3890625 0.3875 0.05078125 0.05703125
0 0.353125 0.4984375 0.0375 0.06171875
0 0.4453125 0.48515625 0.03515625 0.0515625
0 0.4375 0.4375 0.05546875 0.046875
0 0.534375 0.48125 0.03984375 0.05390625
0 0.646875 0.4375 0.0484375 0.06328125
0 0.5828125 0.40703125 0.0484375 0.05390625
0 0.50390625 0.3578125 0.046875 0.05
0 0.6453125 0.37421875 0.0578125 0.04375
0 0.803125 0.47578125 0.0640625 0.05546875
0 0.9453125 0.434375 0.0734375 0.06953125