0 0.12890625 0.1453125 0.232666015625 0.2314208984375
0 0.37734375 0.14765625 0.2298583984375 0.2298583984375
0 0.62890625 0.14453125 0.22359619140625 0.223583984375
0 0.88203125 0.13984375 0.232763671875 0.232763671875
0 0.121875 0.3828125 0.2250244140625 0.1969482421875
0 0.375 0.384375 0.2342041015625 0.2314453125
0 0.63046875 0.3859375 0.2298583984375 0.2311279296875
0 0.88203125 0.38515625 0.2359375 0.1953125
0 0.1359375 0.62265625 0.2280029296875 0.22672119140625
0 0.37890625 0.6203125 0.2360107421875 0.234521484375
0 0.6265625 0.6234375 0.2751220703125 0.2218017578125
0 0.87578125 0.6171875 0.2484375 0.221875
0 0.12890625 0.8625 0.2576416015625 0.215771484375
0 0.38203125 0.8578125 0.22347412109375 0.224951171875
0 0.63046875 0.8578125 0.229638671875 0.2311279296875
0 0.88203125 0.8609375 0.229638671875 0.228125