0 0.45390625 0.090625 0.06640625 0.059375
0 0.559375 0.1390625 0.040625 0.046875
0 0.471875 0.19609375 0.04453125 0.0359375
0 0.32890625 0.23203125 0.05390625 0.046875
0 0.70390625 0.21875 0.03671875 0.04609375
0 0.81953125 0.24375 0.05703125 0.0484375
0 0.63125 0.3734375 0.06328125 0.05546875
0 0.46875 0.39375 0.059375 0.0515625
0 0.384375 0.36640625 0.05 0.046875
0 0.228125 0.39296875 0.0484375 0.053125
0 0.553125 0.503125 0.0390625 0.034375
0 0.1796875 0.57578125 0.0484375 0.0484375
0 0.3046875 0.6 0.0609375 0.0609375
0 0.55078125 0.60625 0.0390625 0.04609375