0 0.9140625 0.309375 0.0874755859375 0.0874755859375
0 0.9171875 0.41015625 0.053271484375 0.07958984375
0 0.86484375 0.39140625 0.073583984375 0.073583984375
0 0.8046875 0.3359375 0.0811279296875 0.08116455078125
0 0.725 0.39765625 0.075 0.0734619140625
0 0.728125 0.68203125 0.0718994140625 0.07041015625
0 0.6296875 0.31953125 0.04998779296875 0.09227294921875
0 0.55859375 0.37578125 0.0547119140625 0.096875
0 0.5609375 0.50859375 0.0563720703125 0.05625
0 0.48515625 0.284375 0.0671875 0.118603515625
0 0.42734375 0.36953125 0.07021484375 0.07020263671875
0 0.359375 0.62890625 0.0689208984375 0.070166015625
0 0.4515625 0.5984375 0.0593994140625 0.059423828125
0 0.35390625 0.32890625 0.073486328125 0.073486328125
0 0.27890625 0.3671875 0.0486083984375 0.0843017578125
0 0.30234375 0.484375 0.0485107421875 0.0498291015625
0 0.18671875 0.353125 0.0577392578125 0.0562744140625
0 0.1203125 0.35390625 0.046875 0.078125
0 0.071875 0.3328125 0.08731689453125 0.0844482421875