0 0.26796875 0.66484375 0.0765869140625 0.0765869140625
0 0.50390625 0.64609375 0.03603515625 0.0388916015625
0 0.51640625 0.82734375 0.0423583984375 0.0452392578125
0 0.65390625 0.82578125 0.04832763671875 0.04844970703125
0 0.7890625 0.815625 0.0438720703125 0.04383544921875
0 0.78984375 0.65078125 0.04515380859375 0.045166015625
0 0.66328125 0.6484375 0.05150146484375 0.05299072265625
0 0.79140625 0.46875 0.03603515625 0.03455810546875
0 0.6515625 0.46796875 0.04373779296875 0.04375
0 0.53125 0.46953125 0.03748779296875 0.053125
0 0.371875 0.46953125 0.05009765625 0.05
0 0.2125 0.4640625 0.0531494140625 0.0531494140625
0 0.1859375 0.2875 0.03759765625 0.04373779296875
0 0.36328125 0.2828125 0.045361328125 0.0468017578125
0 0.5 0.2625 0.0439208984375 0.0501953125
0 0.65390625 0.29140625 0.04520263671875 0.0453125
0 0.78984375 0.253125 0.03603515625 0.04705810546875
0 0.23203125 0.10234375 0.042138671875 0.042138671875
0 0.3453125 0.0953125 0.04688720703125 0.04688720703125
0 0.47890625 0.10390625 0.0390625 0.03905029296875
0 0.64765625 0.08359375 0.04208984375 0.053125
0 0.79453125 0.10078125 0.042041015625 0.04202880859375