0 0.11484375 0.1125 0.042138671875 0.040673828125
0 0.103125 0.5875 0.05301513671875 0.05303955078125
0 0.18515625 0.10625 0.039111328125 0.04056396484375
0 0.1953125 0.5796875 0.0533203125 0.0533203125
0 0.884375 0.07421875 0.0531494140625 0.0546630859375
0 0.90546875 0.59765625 0.05772705078125 0.0640625
0 0.7984375 0.0859375 0.04688720703125 0.04686279296875
0 0.8203125 0.5640625 0.056201171875 0.0531982421875
0 0.24296875 0.0859375 0.05145263671875 0.05919189453125
0 0.315625 0.09609375 0.05938720703125 0.07020263671875
0 0.36953125 0.1203125 0.0732666015625 0.0718994140625
0 0.74921875 0.07109375 0.05146484375 0.05145263671875
0 0.66328125 0.07421875 0.07325439453125 0.07325439453125
0 0.59609375 0.075 0.07047119140625 0.07193603515625
0 0.4984375 0.08359375 0.0844970703125 0.08597412109375
0 0.2765625 0.5765625 0.0501708984375 0.053173828125
0 0.340625 0.57890625 0.05611572265625 0.05482177734375
0 0.42421875 0.58203125 0.05477294921875 0.05477294921875
0 0.503125 0.58828125 0.04691162109375 0.048388671875
0 0.58828125 0.58359375 0.0453369140625 0.0577880859375
0 0.66796875 0.5796875 0.03905029296875 0.06580810546875
0 0.75546875 0.5625 0.0454833984375 0.04697265625