0 0.078125 0.05 0.05546875 0.06640625
0 0.25078125 0.040625 0.05078125 0.05859375
0 0.05078125 0.25390625 0.06171875 0.05859375
0 0.2375 0.20859375 0.05078125 0.05703125
0 0.1140625 0.43046875 0.0421875 0.0515625
0 0.25859375 0.37109375 0.04453125 0.0515625
0 0.14140625 0.5390625 0.03515625 0.03515625
0 0.24296875 0.5390625 0.04453125 0.0453125
0 0.08359375 0.71484375 0.05703125 0.05703125
0 0.23984375 0.7109375 0.05546875 0.05859375
0 0.41484375 0.05 0.06171875 0.05703125
0 0.5859375 0.0328125 0.0421875 0.0484375
0 0.7484375 0.0390625 0.053125 0.0515625
0 0.92265625 0.03984375 0.06171875 0.03984375
0 0.43359375 0.22890625 0.05078125 0.0546875
0 0.58359375 0.2265625 0.059375 0.053125
0 0.76796875 0.203125 0.053125 0.05703125
0 0.93671875 0.25703125 0.05546875 0.046875
0 0.4046875 0.3765625 0.059375 0.05703125
0 0.59296875 0.365625 0.0421875 0.0515625
0 0.7484375 0.37890625 0.053125 0.05859375
0 0.9546875 0.38828125 0.04609375 0.04296875
0 0.4109375 0.53984375 0.0484375 0.06015625
0 0.58046875 0.5453125 0.06171875 0.06328125
0 0.76796875 0.53828125 0.04453125 0.03984375
0 0.87890625 0.54296875 0.05703125 0.03671875
0 0.44609375 0.7078125 0.06171875 0.0546875
0 0.56875 0.7109375 0.05546875 0.04140625
0 0.7625 0.7171875 0.0640625 0.0515625
0 0.91484375 0.725 0.05078125 0.05
0 0.0796875 0.8859375 0.053125 0.0546875
0 0.24609375 0.90078125 0.0640625 0.0546875
0 0.421875 0.8890625 0.04453125 0.05859375
0 0.5875 0.8890625 0.05703125 0.06171875
0 0.75078125 0.884375 0.06171875 0.075
0 0.93046875 0.8921875 0.06875 0.075