0 0.16640625 0.24296875 0.0704345703125 0.0701904296875
0 0.19375 0.5125 0.0718017578125 0.0717529296875
0 0.78984375 0.228125 0.082763671875 0.08427734375
0 0.83203125 0.5046875 0.079541015625 0.07825927734375
0 0.6546875 0.30625 0.06259765625 0.1032958984375
0 0.6796875 0.59765625 0.0626220703125 0.09375
0 0.6 0.240625 0.07490234375 0.0749267578125
0 0.45546875 0.2 0.0670166015625 0.06552734375
0 0.49453125 0.275 0.04833984375 0.0813232421875
0 0.52734375 0.58359375 0.067041015625 0.0670654296875
0 0.4265625 0.60390625 0.0623779296875 0.0611083984375
0 0.33984375 0.56015625 0.07030029296875 0.0703125
0 0.37109375 0.35078125 0.0546630859375 0.08896484375
0 0.37265625 0.4453125 0.05465087890625 0.053271484375