0 0.06171875 0.0515625 0.04375 0.025
0 0.10625 0.16796875 0.0375 0.0234375
0 0.29921875 0.0484375 0.0328125 0.028125
0 0.31953125 0.18515625 0.0390625 0.03203125
0 0.52421875 0.04609375 0.03671875 0.028125
0 0.6796875 0.04375 0.0328125 0.02421875
0 0.90859375 0.06875 0.03828125 0.0234375
0 0.51171875 0.17109375 0.0421875 0.02421875
0 0.665625 0.1703125 0.03828125 0.028125
0 0.88515625 0.1796875 0.025 0.02578125
0 0.1 0.2890625 0.034375 0.034375
0 0.2796875 0.290625 0.0421875 0.0296875
0 0.49765625 0.27890625 0.0328125 0.028125
0 0.74375 0.296875 0.03828125 0.03046875
0 0.8625 0.28046875 0.034375 0.03046875
0 0.0734375 0.41640625 0.040625 0.0296875
0 0.2921875 0.44765625 0.0328125 0.02578125
0 0.49140625 0.4203125 0.040625 0.034375
0 0.6453125 0.4296875 0.0515625 0.0296875
0 0.9515625 0.42265625 0.04375 0.028125
0 0.08125 0.52421875 0.04375 0.03515625
0 0.30703125 0.54375 0.04609375 0.0328125
0 0.46015625 0.5453125 0.03828125 0.0265625
0 0.69296875 0.54140625 0.03671875 0.028125
0 0.9390625 0.5484375 0.0421875 0.0328125
0 0.07578125 0.65234375 0.040625 0.0375
0 0.30078125 0.66171875 0.03046875 0.03203125
0 0.50546875 0.671875 0.040625 0.0328125
0 0.7421875 0.70234375 0.05 0.02578125
0 0.91953125 0.6671875 0.040625 0.02578125
0 0.06640625 0.7953125 0.025 0.03046875
0 0.3 0.80234375 0.040625 0.0296875
0 0.5 0.7921875 0.034375 0.02421875
0 0.70625 0.78828125 0.0328125 0.028125
0 0.90703125 0.79921875 0.03046875 0.02421875
0 0.05546875 0.91015625 0.0421875 0.03515625
0 0.2703125 0.9234375 0.034375 0.028125
0 0.48203125 0.96484375 0.040625 0.03515625
0 0.7296875 0.91875 0.040625 0.028125
0 0.95390625 0.915625 0.04375 0.0296875