0 0.88671875 0.39375 0.046875 0.0828125
0 0.1703125 0.3828125 0.046875 0.0796875
0 0.228125 0.3734375 0.03359375 0.0671875
0 0.23203125 0.44765625 0.04296875 0.0703125
0 0.78828125 0.4109375 0.03984375 0.0828125
0 0.31171875 0.37890625 0.03828125 0.07109375
0 0.2984375 0.4390625 0.03671875 0.06796875
0 0.2875 0.52265625 0.0390625 0.08046875
0 0.35625 0.4375 0.03671875 0.0640625
0 0.38203125 0.3859375 0.0265625 0.07890625
0 0.35234375 0.53203125 0.03125 0.0640625
0 0.41484375 0.53828125 0.03671875 0.06953125
0 0.45078125 0.4953125 0.0390625 0.0734375
0 0.4640625 0.37734375 0.03125 0.06640625
0 0.5671875 0.35390625 0.03203125 0.07109375
0 0.5234375 0.45625 0.03671875 0.06953125
0 0.57421875 0.4390625 0.03203125 0.075
0 0.62265625 0.4109375 0.02890625 0.07109375
0 0.65859375 0.39609375 0.0265625 0.06796875
0 0.6859375 0.45546875 0.0359375 0.0609375
0 0.73359375 0.45234375 0.03671875 0.06953125