0 0.125 0.17578125 0.0500732421875 0.0515380859375
0 0.17578125 0.228125 0.04375 0.0437255859375
0 0.23671875 0.2578125 0.03289794921875 0.06251220703125
0 0.3140625 0.3171875 0.0408203125 0.0655029296875
0 0.396875 0.33828125 0.05921630859375 0.057763671875
0 0.48359375 0.39609375 0.0609619140625 0.0609619140625
0 0.540625 0.37578125 0.06558837890625 0.06412353515625
0 0.61796875 0.2921875 0.0642333984375 0.0656494140625
0 0.65703125 0.4625 0.0329345703125 0.0813232421875
0 0.68828125 0.225 0.0359130859375 0.0687255859375
0 0.784375 0.25390625 0.0592041015625 0.0578125
0 0.8375 0.21328125 0.0498291015625 0.0484375
0 0.8859375 0.184375 0.0279541015625 0.0501953125