0 0.01796875 0.10078125 0.0359375 0.1484375
0 0.1109375 0.134375 0.08203125 0.11484375
0 0.215625 0.15859375 0.0984375 0.13359375
0 0.14921875 0.26171875 0.1015625 0.13671875
0 0.4234375 0.1671875 0.06015625 0.11484375
0 0.3171875 0.12578125 0.08203125 0.125
0 0.3875 0.290625 0.0953125 0.13515625
0 0.5453125 0.17734375 0.08984375 0.0953125
0 0.715625 0.06171875 0.09140625 0.09296875
0 0.8640625 0.040625 0.0875 0.08125
0 0.59296875 0.29765625 0.08984375 0.11484375
0 0.784375 0.18671875 0.121875 0.11640625
0 0.88359375 0.3140625 0.0734375 0.1046875