0 0.27265625 0.09609375 0.0375 0.034375
0 0.4671875 0.08046875 0.04140625 0.0390625
0 0.67265625 0.08203125 0.0515625 0.0359375
0 0.20625 0.2859375 0.03203125 0.0390625
0 0.39375 0.28203125 0.04140625 0.034375
0 0.58515625 0.2703125 0.0359375 0.034375
0 0.8171875 0.27734375 0.04765625 0.034375
0 0.18125 0.48828125 0.04921875 0.04140625
0 0.4078125 0.48671875 0.04921875 0.04453125
0 0.59296875 0.484375 0.04765625 0.04609375
0 0.8171875 0.4921875 0.03984375 0.0375
0 0.14375 0.72578125 0.0453125 0.04609375
0 0.378125 0.73359375 0.0453125 0.04765625
0 0.6 0.72734375 0.0453125 0.0359375
0 0.84609375 0.72734375 0.04140625 0.04453125