0 0.16875 0.134375 0.18427734375 0.1842529296875
0 0.4046875 0.09375 0.196875 0.1875
0 0.6328125 0.1203125 0.218896484375 0.21884765625
0 0.88203125 0.11171875 0.17655029296875 0.1765625
0 0.10859375 0.45234375 0.1829345703125 0.19521484375
0 0.375 0.4640625 0.18134765625 0.1813720703125
0 0.615625 0.43671875 0.1469482421875 0.14840087890625
0 0.8921875 0.46171875 0.16876220703125 0.19842529296875
0 0.11640625 0.76796875 0.2014892578125 0.2045654296875
0 0.340625 0.77734375 0.1873291015625 0.20458984375
0 0.66015625 0.76328125 0.19521484375 0.1875
0 0.92890625 0.7546875 0.1421875 0.153125