0 0.11953125 0.28203125 0.06640625 0.128125
0 0.1171875 0.4140625 0.07109375 0.1140625
0 0.2 0.39375 0.0515625 0.0953125
0 0.2328125 0.28046875 0.0546875 0.1140625
0 0.30234375 0.28984375 0.0484375 0.0953125
0 0.35 0.23984375 0.0328125 0.08203125
0 0.4 0.2859375 0.03671875 0.0875
0 0.40625 0.3625 0.03984375 0.0875
0 0.46328125 0.3796875 0.03828125 0.084375
0 0.46171875 0.27265625 0.04453125 0.0875
0 0.49140625 0.19609375 0.04453125 0.09765625
0 0.5546875 0.20390625 0.04453125 0.10859375
0 0.56640625 0.35 0.04140625 0.08984375
0 0.65859375 0.2671875 0.0296875 0.0875
0 0.70078125 0.253125 0.0515625 0.103125
0 0.771875 0.25703125 0.0484375 0.11171875
0 0.87265625 0.2328125 0.07265625 0.1171875
0 0.72109375 0.3828125 0.0796875 0.10625
0 0.653125 0.465625 0.04609375 0.103125