0 0.08671875 0.44921875 0.054736328125 0.05472412109375
0 0.2140625 0.45 0.06884765625 0.06873779296875
0 0.27890625 0.44296875 0.0546630859375 0.0576416015625
0 0.3890625 0.3875 0.056201171875 0.0563720703125
0 0.353125 0.4984375 0.05322265625 0.05321044921875
0 0.4453125 0.48515625 0.0438232421875 0.042333984375
0 0.4375 0.4375 0.05615234375 0.05615234375
0 0.534375 0.48125 0.049951171875 0.04697265625
0 0.646875 0.4375 0.0531982421875 0.065625
0 0.5828125 0.40703125 0.046923828125 0.053125
0 0.50390625 0.3578125 0.05146484375 0.05313720703125
0 0.6453125 0.37421875 0.05948486328125 0.04853515625
0 0.803125 0.47578125 0.0623779296875 0.06090087890625
0 0.9453125 0.434375 0.07178955078125 0.07178955078125