0 0.16015625 0.58125 0.07022705078125 0.06551513671875
0 0.84375 0.58671875 0.07503662109375 0.07359619140625
0 0.2328125 0.48203125 0.050146484375 0.0579345703125
0 0.27421875 0.43984375 0.0451416015625 0.045166015625
0 0.39765625 0.42265625 0.04375 0.04375
0 0.36953125 0.4640625 0.042333984375 0.04359130859375
0 0.29609375 0.5171875 0.051513671875 0.050048828125
0 0.27421875 0.5625 0.051708984375 0.05316162109375
0 0.23515625 0.609375 0.059375 0.053271484375
0 0.328125 0.60546875 0.05948486328125 0.05458984375
0 0.3890625 0.54609375 0.050048828125 0.0484619140625
0 0.43046875 0.53515625 0.048486328125 0.048486328125
0 0.4640625 0.50078125 0.053173828125 0.053125
0 0.48515625 0.453125 0.0453125 0.0438232421875
0 0.53515625 0.43125 0.04224853515625 0.0407958984375
0 0.6125 0.4546875 0.04053955078125 0.03758544921875
0 0.57890625 0.50703125 0.05 0.04862060546875
0 0.5171875 0.5578125 0.056103515625 0.0623779296875
0 0.46796875 0.60625 0.05794677734375 0.0592529296875
0 0.59140625 0.5796875 0.06107177734375 0.06234130859375
0 0.640625 0.58671875 0.0529541015625 0.05150146484375
0 0.70390625 0.58828125 0.059375 0.05478515625
0 0.68046875 0.53203125 0.06710205078125 0.05155029296875
0 0.64609375 0.39765625 0.0390380859375 0.0420166015625
0 0.7046875 0.44375 0.0406982421875 0.040673828125
0 0.75 0.47734375 0.0592041015625 0.0578125
0 0.759375 0.53671875 0.05009765625 0.0515869140625
0 0.771875 0.58671875 0.06260986328125 0.0625