0 0.121875 0.17109375 0.06875 0.13359375
0 0.24921875 0.60625 0.0453125 0.09453125
0 0.9484375 0.2265625 0.03125 0.084375
0 0.8859375 0.17734375 0.034375 0.0734375
0 0.86015625 0.23828125 0.03125 0.08125
0 0.8203125 0.23046875 0.0359375 0.08125
0 0.7875 0.28984375 0.0296875 0.08125
0 0.74765625 0.23984375 0.040625 0.0890625
0 0.69765625 0.29140625 0.040625 0.1
0 0.65703125 0.3046875 0.04375 0.09453125
0 0.57890625 0.37265625 0.04375 0.1109375
0 0.5171875 0.42109375 0.0390625 0.0890625
0 0.434375 0.42265625 0.0421875 0.08125
0 0.3734375 0.4515625 0.04375 0.084375
0 0.3 0.540625 0.04375 0.0890625