0 0.16171875 0.16953125 0.070263671875 0.070263671875
0 0.26484375 0.19921875 0.07041015625 0.07041015625
0 0.34921875 0.2078125 0.063916015625 0.0624755859375
0 0.475 0.146875 0.0749267578125 0.07490234375
0 0.59609375 0.17421875 0.0577392578125 0.0577392578125
0 0.66171875 0.21796875 0.063916015625 0.063916015625
0 0.77265625 0.17734375 0.06103515625 0.06104736328125
0 0.85 0.20546875 0.0749755859375 0.075
0 0.134375 0.6140625 0.062548828125 0.0625244140625
0 0.265625 0.6078125 0.0748779296875 0.07490234375
0 0.37734375 0.65078125 0.067138671875 0.0671630859375
0 0.50234375 0.64140625 0.07325439453125 0.071875
0 0.65 0.61640625 0.056396484375 0.05777587890625
0 0.83828125 0.60703125 0.0673095703125 0.06728515625