0 0.88671875 0.39375 0.0515625 0.0843017578125
0 0.1703125 0.3828125 0.06865234375 0.068701171875
0 0.228125 0.3734375 0.0531982421875 0.053271484375
0 0.23203125 0.44765625 0.0638916015625 0.06103515625
0 0.78828125 0.4109375 0.0670654296875 0.06552734375
0 0.31171875 0.37890625 0.0576904296875 0.0577392578125
0 0.2984375 0.4390625 0.0531982421875 0.0531982421875
0 0.2875 0.52265625 0.06566162109375 0.06715087890625
0 0.35625 0.4375 0.05321044921875 0.05321044921875
0 0.38203125 0.3859375 0.05765380859375 0.05640869140625
0 0.35234375 0.53203125 0.051513671875 0.051513671875
0 0.41484375 0.53828125 0.03594970703125 0.07030029296875
0 0.45078125 0.4953125 0.054736328125 0.0562255859375
0 0.4640625 0.37734375 0.03125 0.0671630859375
0 0.5671875 0.35390625 0.0312744140625 0.0703369140625
0 0.5234375 0.45625 0.0405029296875 0.0688720703125
0 0.57421875 0.4390625 0.05482177734375 0.056103515625
0 0.62265625 0.4109375 0.05458984375 0.05321044921875
0 0.65859375 0.39609375 0.028125 0.0672119140625
0 0.6859375 0.45546875 0.04990234375 0.048583984375
0 0.73359375 0.45234375 0.0548095703125 0.0545654296875