0 0.08359375 0.60078125 0.042236328125 0.042236328125
0 0.228125 0.5703125 0.05322265625 0.0470703125
0 0.146875 0.6515625 0.0470458984375 0.05
0 0.871875 0.665625 0.05626220703125 0.05625
0 0.30390625 0.62421875 0.048486328125 0.048486328125
0 0.3890625 0.59296875 0.05001220703125 0.03924560546875
0 0.528125 0.5828125 0.04686279296875 0.04688720703125
0 0.73046875 0.603125 0.05625 0.04990234375
0 0.6609375 0.64296875 0.05947265625 0.03603515625
0 0.42578125 0.64921875 0.05477294921875 0.04512939453125
0 0.25625 0.8265625 0.04998779296875 0.05294189453125
0 0.36875 0.8296875 0.05633544921875 0.04384765625
0 0.475 0.83125 0.0501220703125 0.0500732421875
0 0.61640625 0.83046875 0.054736328125 0.05472412109375
0 0.74375 0.84296875 0.0439453125 0.0453369140625