0 0.16640625 0.24296875 0.0703369140625 0.0673583984375
0 0.19375 0.5125 0.07178955078125 0.07176513671875
0 0.78984375 0.228125 0.06708984375 0.1060791015625
0 0.83203125 0.5046875 0.079736328125 0.0811767578125
0 0.6546875 0.30625 0.0625 0.1031982421875
0 0.6796875 0.59765625 0.0750732421875 0.073583984375
0 0.6 0.240625 0.053125 0.08126220703125
0 0.45546875 0.2 0.0670166015625 0.06552734375
0 0.49453125 0.275 0.06875 0.06873779296875
0 0.52734375 0.58359375 0.0546875 0.0704345703125
0 0.4265625 0.60390625 0.05943603515625 0.06090087890625
0 0.33984375 0.56015625 0.0701904296875 0.07021484375
0 0.37109375 0.35078125 0.06702880859375 0.067041015625
0 0.37265625 0.4453125 0.0545654296875 0.053271484375