0 0.84453125 0.45078125 0.0421875 0.02657470703125
0 0.5171875 0.46796875 0.05931396484375 0.057861328125
0 0.17109375 0.47265625 0.03280029296875 0.03282470703125
0 0.22578125 0.4734375 0.045263671875 0.0438232421875
0 0.28984375 0.48203125 0.0453369140625 0.0390869140625
0 0.3578125 0.48046875 0.0468017578125 0.045361328125
0 0.43359375 0.4828125 0.0484375 0.04705810546875
0 0.59609375 0.48984375 0.04541015625 0.04833984375
0 0.66171875 0.48046875 0.0515625 0.0515625
0 0.72265625 0.48203125 0.04375 0.04375
0 0.7828125 0.46171875 0.03756103515625 0.039013671875