0 0.19453125 0.0859375 0.063916015625 0.062451171875
0 0.11953125 0.22265625 0.04862060546875 0.0671875
0 0.26484375 0.29609375 0.05145263671875 0.07637939453125
0 0.37421875 0.1578125 0.061083984375 0.06234130859375
0 0.5859375 0.18203125 0.0595703125 0.0610595703125
0 0.8515625 0.08671875 0.046875 0.046875
0 0.1234375 0.3890625 0.06571044921875 0.06866455078125
0 0.43671875 0.3609375 0.054833984375 0.0563232421875
0 0.67109375 0.3953125 0.0578369140625 0.0562744140625
0 0.82265625 0.4515625 0.0515625 0.0560791015625
0 0.16015625 0.63359375 0.06396484375 0.06112060546875
0 0.34921875 0.484375 0.065625 0.06551513671875
0 0.32734375 0.6796875 0.05164794921875 0.07178955078125
0 0.50859375 0.59375 0.05172119140625 0.053173828125
0 0.71640625 0.6 0.06103515625 0.06241455078125
0 0.89453125 0.65390625 0.07022705078125 0.06875
0 0.1953125 0.8203125 0.0501708984375 0.052978515625
0 0.4515625 0.803125 0.0560791015625 0.0560791015625
0 0.64453125 0.778125 0.05166015625 0.0594970703125
0 0.83515625 0.840625 0.06416015625 0.06551513671875