0 0.25390625 0.2125 0.0610107421875 0.08447265625
0 0.378125 0.28671875 0.07822265625 0.0766845703125
0 0.484375 0.31171875 0.062353515625 0.06083984375
0 0.596875 0.30078125 0.0749267578125 0.07642822265625
0 0.828125 0.17109375 0.084423828125 0.0858154296875
0 0.71640625 0.32109375 0.06719970703125 0.06708984375
0 0.815625 0.60390625 0.065771484375 0.0921875
0 0.6125 0.6234375 0.065673828125 0.06572265625
0 0.52578125 0.54375 0.07353515625 0.07489013671875
0 0.34140625 0.6125 0.0548583984375 0.07822265625
0 0.26640625 0.50390625 0.06417236328125 0.07666015625