0 0.8484375 0.41953125 0.0703125 0.0484375
0 0.79609375 0.39140625 0.0484375 0.0484375
0 0.7375 0.42578125 0.0765625 0.0640625
0 0.64609375 0.44140625 0.07265625 0.06015625
0 0.70234375 0.56328125 0.08359375 0.07265625
0 0.565625 0.4484375 0.05234375 0.040625
0 0.5546875 0.57109375 0.078125 0.065625
0 0.4640625 0.47890625 0.046875 0.04609375
0 0.45546875 0.56875 0.06328125 0.0546875
0 0.3671875 0.478125 0.0578125 0.040625
0 0.24375 0.48359375 0.059375 0.0515625
0 0.2 0.5890625 0.06484375 0.065625
0 0.33203125 0.54375 0.06484375 0.05859375
0 0.31640625 0.6484375 0.08203125 0.06953125