0 0.80390625 0.446875 0.06087646484375 0.059521484375
0 0.20546875 0.4625 0.051513671875 0.052978515625
0 0.2546875 0.434375 0.053125 0.053125
0 0.3109375 0.5875 0.0376708984375 0.0717041015625
0 0.396875 0.45234375 0.0373046875 0.05770263671875
0 0.37265625 0.621875 0.0454345703125 0.0469482421875
0 0.41328125 0.58203125 0.0577880859375 0.0577880859375
0 0.44140625 0.4375 0.04375 0.04364013671875
0 0.50625 0.41640625 0.056103515625 0.0548583984375
0 0.50703125 0.596875 0.0484130859375 0.0468994140625
0 0.56171875 0.59296875 0.05467529296875 0.05479736328125
0 0.5671875 0.43125 0.0468994140625 0.0468994140625
0 0.61015625 0.46953125 0.05 0.04862060546875
0 0.634375 0.61875 0.06231689453125 0.059375
0 0.6859375 0.59296875 0.0593994140625 0.05797119140625
0 0.73984375 0.440625 0.040625 0.0780029296875