0 0.3671875 0.12734375 0.09376220703125 0.09228515625
0 0.56328125 0.15859375 0.0858154296875 0.0860595703125
0 0.4578125 0.27421875 0.08758544921875 0.08896484375
0 0.32265625 0.3109375 0.0859375 0.0937744140625
0 0.6359375 0.24453125 0.08740234375 0.08603515625
0 0.70390625 0.3453125 0.084375 0.08426513671875
0 0.73515625 0.45 0.07950439453125 0.08448486328125
0 0.6140625 0.5359375 0.09356689453125 0.0908203125
0 0.565625 0.39765625 0.0564453125 0.0577880859375
0 0.4359375 0.596875 0.08759765625 0.08748779296875
0 0.3015625 0.6171875 0.10928955078125 0.1093017578125