0 0.153125 0.16015625 0.043798828125 0.04527587890625
0 0.296875 0.15625 0.0498046875 0.043896484375
0 0.48125 0.15859375 0.04052734375 0.040625
0 0.7 0.14375 0.04063720703125 0.03768310546875
0 0.890625 0.15546875 0.0468505859375 0.0484375
0 0.09609375 0.31484375 0.05145263671875 0.03916015625
0 0.33125 0.31328125 0.053076171875 0.051611328125
0 0.51328125 0.29921875 0.0452880859375 0.0482666015625
0 0.70625 0.32265625 0.0435546875 0.042333984375
0 0.884375 0.2921875 0.04375 0.0408203125
0 0.13203125 0.478125 0.04530029296875 0.04071044921875
0 0.5484375 0.4828125 0.0438720703125 0.0406982421875
0 0.703125 0.4765625 0.0405517578125 0.0375732421875
0 0.88359375 0.475 0.042138671875 0.040673828125
0 0.20703125 0.64296875 0.095458984375 0.09544677734375
0 0.51328125 0.63046875 0.0547607421875 0.05478515625
0 0.71875 0.64140625 0.05322265625 0.0486083984375
0 0.890625 0.63671875 0.0435791015625 0.04224853515625
0 0.52421875 0.78828125 0.05167236328125 0.05167236328125
0 0.71328125 0.78984375 0.0516845703125 0.0516357421875
0 0.884375 0.778125 0.04705810546875 0.04705810546875