0 0.56328125 0.20078125 0.126708984375 0.126708984375
0 0.778125 0.1515625 0.1189208984375 0.1217041015625
0 0.80625 0.36875 0.1064208984375 0.15301513671875
0 0.45078125 0.378125 0.1422607421875 0.1407958984375
0 0.62578125 0.45390625 0.09375 0.11728515625
0 0.72265625 0.52734375 0.1015869140625 0.1015380859375
0 0.4859375 0.58046875 0.1123779296875 0.111083984375
0 0.43671875 0.74609375 0.10794677734375 0.107958984375
0 0.33125 0.55859375 0.10621337890625 0.104736328125
0 0.18046875 0.5765625 0.11705322265625 0.1156982421875
0 0.2546875 0.25 0.0967529296875 0.14063720703125
0 0.34765625 0.2984375 0.10484619140625 0.10609130859375
0 0.2265625 0.43125 0.1406005859375 0.140625