0 0.14609375 0.06328125 0.05390625 0.0375
0 0.2640625 0.1046875 0.04375 0.04140625
0 0.43203125 0.1203125 0.03671875 0.03359375
0 0.74921875 0.08828125 0.0484375 0.0328125
0 0.89921875 0.08671875 0.0421875 0.0359375
0 0.09296875 0.36484375 0.046875 0.0359375
0 0.19609375 0.3453125 0.03828125 0.03046875
0 0.590625 0.3171875 0.0484375 0.04296875
0 0.4484375 0.37109375 0.0453125 0.03125
0 0.60859375 0.4109375 0.0453125 0.03515625
0 0.815625 0.3078125 0.0484375 0.0390625
0 0.1796875 0.7015625 0.0453125 0.03984375
0 0.428125 0.60625 0.046875 0.0375
0 0.50625 0.590625 0.03515625 0.03828125
0 0.60234375 0.61015625 0.04921875 0.04296875
0 0.82890625 0.70078125 0.05546875 0.0421875
0 0.215625 0.79296875 0.06953125 0.0546875
0 0.49375 0.84609375 0.04921875 0.0328125
0 0.865625 0.7921875 0.0578125 0.03984375
0 0.93125 0.8640625 0.05078125 0.04765625