0 0.01875 0.43359375 0.03203125 0.07109375
0 0.08828125 0.4609375 0.03046875 0.0546875
0 0.15390625 0.42734375 0.02890625 0.0640625
0 0.1953125 0.48203125 0.02578125 0.0546875
0 0.25859375 0.41796875 0.03828125 0.059375
0 0.31171875 0.4703125 0.0234375 0.059375
0 0.36796875 0.44609375 0.03515625 0.0734375
0 0.31171875 0.634375 0.02734375 0.05
0 0.375 0.5875 0.028125 0.04609375
0 0.4265625 0.48203125 0.025 0.06015625
0 0.428125 0.64375 0.0375 0.05
0 0.4703125 0.578125 0.0265625 0.05234375
0 0.496875 0.434375 0.028125 0.06484375
0 0.5296875 0.465625 0.03203125 0.06015625
0 0.515625 0.60703125 0.025 0.06015625
0 0.55859375 0.65078125 0.01953125 0.05625
0 0.58515625 0.48515625 0.03203125 0.06640625
0 0.63828125 0.43203125 0.02890625 0.06484375
0 0.7203125 0.49609375 0.0265625 0.06640625
0 0.746875 0.46171875 0.0265625 0.05234375
0 0.80625 0.47578125 0.0265625 0.05234375
0 0.83515625 0.43046875 0.0265625 0.05625
0 0.9078125 0.47734375 0.0234375 0.05
0 0.9609375 0.44375 0.03046875 0.0625