0 0.11015625 0.1203125 0.08203125 0.0796875
0 0.26640625 0.1390625 0.08203125 0.0890625
0 0.4234375 0.1109375 0.06171875 0.07265625
0 0.59296875 0.13515625 0.0765625 0.07421875
0 0.72734375 0.1328125 0.0546875 0.07265625
0 0.88125 0.13125 0.0671875 0.065625
0 0.0984375 0.259375 0.06171875 0.078125
0 0.26640625 0.2796875 0.07109375 0.090625
0 0.428125 0.2796875 0.06015625 0.0796875
0 0.57734375 0.2890625 0.0671875 0.08359375
0 0.7234375 0.2828125 0.07265625 0.078125
0 0.8765625 0.284375 0.0578125 0.07421875
0 0.11875 0.43125 0.06328125 0.0875
0 0.29921875 0.4203125 0.06328125 0.08359375
0 0.4328125 0.428125 0.065625 0.09609375
0 0.5828125 0.42890625 0.078125 0.090625
0 0.73828125 0.43515625 0.065625 0.1
0 0.88671875 0.4328125 0.07109375 0.1015625
0 0.10703125 0.5953125 0.06171875 0.1
0 0.25625 0.58828125 0.05078125 0.07109375
0 0.42890625 0.590625 0.07265625 0.090625
0 0.58203125 0.584375 0.065625 0.08515625
0 0.73671875 0.5921875 0.0875 0.09609375
0 0.8953125 0.5828125 0.07421875 0.1
0 0.1125 0.7375 0.0765625 0.09609375
0 0.27890625 0.73984375 0.06328125 0.0984375
0 0.42890625 0.740625 0.08359375 0.0890625
0 0.5796875 0.74453125 0.07265625 0.08515625
0 0.73828125 0.71484375 0.0546875 0.06875
0 0.88125 0.73203125 0.07109375 0.10703125
0 0.13125 0.89296875 0.0765625 0.08359375
0 0.27578125 0.8734375 0.07109375 0.0890625
0 0.421875 0.88671875 0.0796875 0.08515625
0 0.57578125 0.878125 0.06328125 0.090625
0 0.72265625 0.8828125 0.07421875 0.0890625
0 0.9015625 0.88515625 0.0796875 0.09453125