0 0.09921875 0.3875 0.06875 0.07109375
0 0.22734375 0.38359375 0.0625 0.05390625
0 0.1015625 0.33359375 0.059375 0.06171875
0 0.26171875 0.34296875 0.059375 0.06328125
0 0.41875 0.3515625 0.05703125 0.06484375
0 0.3828125 0.3984375 0.04921875 0.06015625
0 0.33359375 0.51171875 0.06875 0.06640625
0 0.47734375 0.49609375 0.059375 0.07890625
0 0.51015625 0.3859375 0.053125 0.05859375
0 0.5375 0.31484375 0.05703125 0.06171875
0 0.634375 0.38046875 0.053125 0.05390625
0 0.62734375 0.49609375 0.0625 0.06953125
0 0.70546875 0.3140625 0.04765625 0.06015625
0 0.7765625 0.37578125 0.0703125 0.06953125
0 0.85390625 0.34921875 0.03984375 0.06015625
0 0.89921875 0.38203125 0.06875 0.06328125