0 0.27265625 0.09609375 0.0375 0.0375
0 0.4671875 0.08046875 0.04078369140625 0.04202880859375
0 0.67265625 0.08203125 0.04541015625 0.04541015625
0 0.20625 0.2859375 0.0313720703125 0.0376220703125
0 0.39375 0.28203125 0.0435791015625 0.0359375
0 0.58515625 0.2703125 0.03900146484375 0.037646484375
0 0.8171875 0.27734375 0.0438720703125 0.04521484375
0 0.18125 0.48828125 0.050048828125 0.0485595703125
0 0.4078125 0.48671875 0.04691162109375 0.04837646484375
0 0.59296875 0.484375 0.05159912109375 0.05296630859375
0 0.8171875 0.4921875 0.0375732421875 0.04052734375
0 0.14375 0.72578125 0.0500732421875 0.05146484375
0 0.378125 0.73359375 0.0468505859375 0.0484130859375
0 0.6 0.72734375 0.04066162109375 0.042138671875
0 0.84609375 0.72734375 0.0423583984375 0.0423583984375