0 0.07734375 0.43046875 0.0453125 0.06640625
0 0.12578125 0.54453125 0.0453125 0.06484375
0 0.22265625 0.4890625 0.0484375 0.06640625
0 0.18984375 0.42265625 0.046875 0.05859375
0 0.1359375 0.353125 0.040625 0.05625
0 0.15234375 0.2953125 0.046875 0.0546875
0 0.2140625 0.36796875 0.040625 0.05859375
0 0.30546875 0.415625 0.03359375 0.05625
0 0.2234375 0.30234375 0.046875 0.06015625
0 0.17578125 0.2421875 0.0421875 0.06015625
0 0.21171875 0.2078125 0.03359375 0.06015625
0 0.25078125 0.1765625 0.03359375 0.0625
0 0.25078125 0.23671875 0.04375 0.06640625
0 0.30703125 0.20546875 0.03046875 0.06015625
0 0.35078125 0.159375 0.03671875 0.05625
0 0.29921875 0.2859375 0.03671875 0.0484375
0 0.29296875 0.340625 0.03671875 0.05234375
0 0.33671875 0.259375 0.0421875 0.06640625
0 0.38984375 0.32734375 0.046875 0.0625
0 0.375 0.4140625 0.05 0.0625
0 0.40234375 0.26953125 0.03671875 0.0625
0 0.38515625 0.2234375 0.03515625 0.05625
0 0.40625 0.18125 0.02890625 0.0484375
0 0.42890625 0.1484375 0.03203125 0.0421875
0 0.47734375 0.2015625 0.0390625 0.05625
0 0.4953125 0.14140625 0.02890625 0.05234375
0 0.45078125 0.23984375 0.03046875 0.05234375
0 0.484375 0.31953125 0.03359375 0.0546875
0 0.44609375 0.36796875 0.03671875 0.06640625
0 0.53828125 0.37265625 0.03671875 0.06015625
0 0.51015625 0.259375 0.03359375 0.0546875
0 0.53984375 0.22890625 0.02421875 0.034375
0 0.53984375 0.1671875 0.02734375 0.05234375
0 0.565625 0.14296875 0.02734375 0.0484375
0 0.571875 0.2125 0.03046875 0.0421875
0 0.5703125 0.27109375 0.02734375 0.04609375
0 0.58671875 0.32265625 0.02578125 0.05234375
0 0.615625 0.1484375 0.02421875 0.04609375
0 0.65859375 0.13828125 0.02734375 0.03828125
0 0.628125 0.1984375 0.03046875 0.0421875
0 0.62421875 0.26015625 0.02890625 0.05234375
0 0.653125 0.29453125 0.03515625 0.06484375
0 0.621875 0.378125 0.03671875 0.07421875
0 0.690625 0.3703125 0.0390625 0.0625
0 0.6984375 0.45546875 0.0453125 0.06484375
0 0.7140625 0.275 0.03046875 0.0703125
0 0.69453125 0.1671875 0.02421875 0.05234375
0 0.7359375 0.21796875 0.03046875 0.04453125
0 0.77578125 0.18515625 0.03203125 0.05234375
0 0.77421875 0.25390625 0.03515625 0.0484375
0 0.815625 0.221875 0.03671875 0.0484375
0 0.81328125 0.2890625 0.0390625 0.0625
0 0.746875 0.3171875 0.0390625 0.05859375
0 0.7765625 0.396875 0.040625 0.05234375
0 0.834375 0.34453125 0.040625 0.05625
0 0.86953125 0.26328125 0.02890625 0.0703125
0 0.915625 0.23515625 0.046875 0.05859375
0 0.92109375 0.31484375 0.0484375 0.06015625
0 0.86328125 0.40625 0.0453125 0.0625
0 0.79609375 0.46953125 0.046875 0.06015625
0 0.8796875 0.559375 0.04375 0.07421875
0 0.9296875 0.48359375 0.05 0.06875