0 0.12265625 0.0703125 0.096875 0.09296875
0 0.36015625 0.06484375 0.0859375 0.0890625
0 0.6515625 0.07109375 0.09921875 0.090625
0 0.87578125 0.065625 0.09921875 0.090625
0 0.12734375 0.40390625 0.08359375 0.07421875
0 0.3796875 0.38203125 0.06953125 0.071875
0 0.64140625 0.39921875 0.06953125 0.06875
0 0.8625 0.4046875 0.0765625 0.07578125
0 0.121875 0.7640625 0.1734375 0.1203125
0 0.39375 0.7890625 0.125 0.140625
0 0.6171875 0.79296875 0.13203125 0.1484375
0 0.89375 0.74609375 0.115625 0.11875