0 0.26640625 0.1890625 0.09537353515625 0.09671630859375
0 0.4296875 0.29921875 0.10924072265625 0.10794677734375
0 0.57265625 0.35234375 0.095458984375 0.09547119140625
0 0.7328125 0.4140625 0.06885986328125 0.10616455078125
0 0.83046875 0.58515625 0.0826904296875 0.1108154296875
0 0.76328125 0.5640625 0.098388671875 0.09693603515625
0 0.6609375 0.59140625 0.0843994140625 0.1077392578125
0 0.52109375 0.58515625 0.09229736328125 0.09217529296875
0 0.409375 0.634375 0.0779541015625 0.1280029296875
0 0.29375 0.60078125 0.10634765625 0.1076416015625
0 0.18984375 0.6109375 0.11396484375 0.11260986328125
0 0.12734375 0.625 0.0875 0.08759765625