0 0.178125 0.67578125 0.0484375 0.0484375
0 0.32421875 0.65546875 0.04453125 0.0421875
0 0.4375 0.67734375 0.040625 0.04921875
0 0.5828125 0.6671875 0.034375 0.0421875
0 0.70078125 0.68828125 0.03671875 0.0328125
0 0.8203125 0.66875 0.04453125 0.040625
0 0.14140625 0.2046875 0.03671875 0.0375
0 0.2234375 0.22578125 0.034375 0.02734375
0 0.3046875 0.2015625 0.03671875 0.03203125
0 0.3671875 0.2125 0.0265625 0.0328125
0 0.440625 0.1921875 0.034375 0.0390625
0 0.509375 0.2296875 0.03828125 0.0390625
0 0.584375 0.2109375 0.0421875 0.0421875
0 0.653125 0.22421875 0.03671875 0.0359375
0 0.73671875 0.19921875 0.0265625 0.0375
0 0.8203125 0.23359375 0.0328125 0.04609375
0 0.91796875 0.215625 0.0328125 0.0421875