0 0.665625 0.68046875 0.07178955078125 0.07041015625
0 0.8140625 0.3234375 0.0529541015625 0.0529296875
0 0.8453125 0.39765625 0.06248779296875 0.0625
0 0.2015625 0.2671875 0.0499267578125 0.047021484375
0 0.11640625 0.38125 0.04534912109375 0.0468505859375
0 0.1578125 0.40546875 0.0500732421875 0.0514404296875
0 0.2359375 0.38359375 0.05009765625 0.0578125
0 0.31796875 0.33671875 0.05166015625 0.0390869140625
0 0.32890625 0.39375 0.04512939453125 0.0439453125
0 0.275 0.45390625 0.05936279296875 0.059375
0 0.36640625 0.42890625 0.04842529296875 0.04844970703125
0 0.43125 0.41328125 0.04068603515625 0.042138671875
0 0.38828125 0.3859375 0.0391357421875 0.0344482421875
0 0.490625 0.40859375 0.03753662109375 0.03900146484375
0 0.42578125 0.48203125 0.05450439453125 0.05174560546875
0 0.48046875 0.4609375 0.0515869140625 0.0530517578125
0 0.53203125 0.43984375 0.04537353515625 0.045361328125
0 0.52734375 0.3859375 0.04534912109375 0.046826171875
0 0.5734375 0.403125 0.04063720703125 0.05
0 0.60078125 0.37734375 0.0329833984375 0.04375
0 0.6734375 0.3671875 0.04053955078125 0.0405517578125
0 0.746875 0.39140625 0.0564208984375 0.04375
0 0.6265625 0.415625 0.05018310546875 0.0529541015625
0 0.68203125 0.4171875 0.04849853515625 0.04984130859375
0 0.71875 0.43515625 0.05018310546875 0.06102294921875
0 0.59296875 0.46640625 0.057666015625 0.0576416015625
0 0.40078125 0.57734375 0.0640380859375 0.0640380859375
0 0.59921875 0.59453125 0.0639892578125 0.064013671875
0 0.50703125 0.65078125 0.06092529296875 0.06094970703125
0 0.7234375 0.5859375 0.05955810546875 0.0595703125
0 0.79921875 0.57578125 0.07647705078125 0.075