0 0.27265625 0.09609375 0.0359375 0.0359375
0 0.4671875 0.08046875 0.0437255859375 0.0422119140625
0 0.67265625 0.08203125 0.0515625 0.03603515625
0 0.20625 0.2859375 0.0312744140625 0.0375244140625
0 0.39375 0.28203125 0.04366455078125 0.0375
0 0.58515625 0.2703125 0.03597412109375 0.034521484375
0 0.8171875 0.27734375 0.0436767578125 0.04228515625
0 0.18125 0.48828125 0.049951171875 0.0484619140625
0 0.4078125 0.48671875 0.0529541015625 0.0515869140625
0 0.59296875 0.484375 0.05145263671875 0.04989013671875
0 0.8171875 0.4921875 0.04364013671875 0.04052734375
0 0.14375 0.72578125 0.05018310546875 0.0515625
0 0.378125 0.73359375 0.05013427734375 0.05159912109375
0 0.6 0.72734375 0.04359130859375 0.042333984375
0 0.84609375 0.72734375 0.04237060546875 0.04237060546875