0 0.16484375 0.50390625 0.096875 0.0625
0 0.4046875 0.49453125 0.09375 0.06328125
0 0.60703125 0.478125 0.1125 0.06640625
0 0.8671875 0.48125 0.11953125 0.0671875
0 0.12578125 0.09921875 0.040625 0.02421875
0 0.18671875 0.103125 0.040625 0.021875
0 0.2484375 0.11484375 0.0359375 0.02421875
0 0.31015625 0.109375 0.04140625 0.021875
0 0.3625 0.1109375 0.03671875 0.02265625
0 0.4296875 0.109375 0.04296875 0.02265625
0 0.4921875 0.11640625 0.03046875 0.021875
0 0.64140625 0.1046875 0.03125 0.0203125
0 0.70234375 0.10859375 0.03359375 0.0203125
0 0.76015625 0.1078125 0.03828125 0.01953125
0 0.81015625 0.1046875 0.03671875 0.021875
0 0.134375 0.19375 0.03203125 0.02578125
0 0.20390625 0.18359375 0.034375 0.025
0 0.27421875 0.1828125 0.03671875 0.0234375
0 0.190625 0.2109375 0.0390625 0.02421875
0 0.28203125 0.2140625 0.03203125 0.025
0 0.346875 0.18828125 0.03359375 0.0234375
0 0.38046875 0.21484375 0.03828125 0.02578125
0 0.4265625 0.19375 0.03828125 0.021875
0 0.50546875 0.190625 0.034375 0.028125
0 0.471875 0.2140625 0.03671875 0.0296875
0 0.56328125 0.18984375 0.04296875 0.02265625
0 0.5515625 0.2125 0.0359375 0.02734375
0 0.62578125 0.1859375 0.0390625 0.0265625
0 0.63515625 0.2140625 0.04375 0.025
0 0.70703125 0.18984375 0.03671875 0.02421875
0 0.7625 0.19375 0.040625 0.0265625
0 0.7109375 0.21015625 0.04140625 0.02734375
0 0.78984375 0.21484375 0.04296875 0.0296875
0 0.04140625 0.20625 0.03359375 0.02265625
0 0.1125 0.2109375 0.040625 0.0296875
0 0.0453125 0.80859375 0.02109375 0.01640625
0 0.07890625 0.8140625 0.02421875 0.01875
0 0.128125 0.81484375 0.01875 0.01875
0 0.1734375 0.8125 0.0234375 0.01875
0 0.21015625 0.815625 0.02421875 0.01640625
0 0.23125 0.82265625 0.0234375 0.01953125
0 0.27265625 0.815625 0.0265625 0.01796875
0 0.31328125 0.8171875 0.02578125 0.0171875
0 0.3546875 0.8125 0.021875 0.0171875
0 0.3953125 0.8140625 0.03359375 0.02109375
0 0.4390625 0.81875 0.02421875 0.01953125
0 0.48125 0.81796875 0.02421875 0.0171875
0 0.5203125 0.81796875 0.02421875 0.01796875
0 0.55078125 0.81796875 0.01875 0.01640625
0 0.17265625 0.87734375 0.03203125 0.01875
0 0.24140625 0.87890625 0.02890625 0.021875
0 0.32265625 0.87734375 0.03203125 0.02109375
0 0.38515625 0.87578125 0.028125 0.01875
0 0.44296875 0.88125 0.03671875 0.01796875
0 0.48125 0.88125 0.03203125 0.025
0 0.5390625 0.88125 0.0359375 0.02109375
0 0.56640625 0.8828125 0.02890625 0.021875
0 0.59375 0.81640625 0.0234375 0.0171875
0 0.6390625 0.8140625 0.02578125 0.01953125
0 0.67734375 0.81875 0.02578125 0.0140625
0 0.7109375 0.8125 0.0265625 0.0171875
0 0.73984375 0.81796875 0.02421875 0.01640625
0 0.79609375 0.81640625 0.02578125 0.015625
0 0.83671875 0.82421875 0.0265625 0.0171875
0 0.87734375 0.815625 0.02578125 0.01796875
0 0.91484375 0.8109375 0.02578125 0.01015625
0 0.95234375 0.8140625 0.0203125 0.015625
0 0.6171875 0.88203125 0.02578125 0.0203125
0 0.6765625 0.88515625 0.03125 0.01875
0 0.7390625 0.88125 0.03125 0.015625
0 0.8203125 0.8828125 0.03515625 0.01953125
0 0.896875 0.8796875 0.03984375 0.01953125
0 0.87421875 0.0953125 0.03828125 0.025
0 0.83046875 0.1921875 0.0296875 0.02421875
0 0.86171875 0.21015625 0.0375 0.02421875
0 0.93125 0.18359375 0.0328125 0.02578125
0 0.9375 0.20703125 0.03125 0.0203125
0 0.57578125 0.10546875 0.0359375 0.021875