0 0.665625 0.68046875 0.07188720703125 0.07041015625
0 0.8140625 0.3234375 0.0532470703125 0.05322265625
0 0.8453125 0.39765625 0.06239013671875 0.06103515625
0 0.2015625 0.2671875 0.04991455078125 0.0470458984375
0 0.11640625 0.38125 0.04534912109375 0.0468505859375
0 0.1578125 0.40546875 0.0498779296875 0.0484130859375
0 0.2359375 0.38359375 0.04990234375 0.05625
0 0.31796875 0.33671875 0.05166015625 0.0390869140625
0 0.32890625 0.39375 0.04537353515625 0.046826171875
0 0.275 0.45390625 0.05643310546875 0.0578125
0 0.36640625 0.42890625 0.05145263671875 0.04532470703125
0 0.43125 0.41328125 0.0436279296875 0.042333984375
0 0.38828125 0.3859375 0.0389892578125 0.0376220703125
0 0.490625 0.40859375 0.04686279296875 0.03612060546875
0 0.42578125 0.48203125 0.05479736328125 0.04862060546875
0 0.48046875 0.4609375 0.0485595703125 0.0500244140625
0 0.53203125 0.43984375 0.04215087890625 0.042138671875
0 0.52734375 0.3859375 0.04525146484375 0.046728515625
0 0.5734375 0.403125 0.0435791015625 0.05009765625
0 0.60078125 0.37734375 0.0361083984375 0.03896484375
0 0.6734375 0.3671875 0.04385986328125 0.0310791015625
0 0.746875 0.39140625 0.0469482421875 0.0484375
0 0.6265625 0.415625 0.0469482421875 0.047021484375
0 0.68203125 0.4171875 0.0482666015625 0.0500732421875
0 0.71875 0.43515625 0.0563720703125 0.0577392578125
0 0.59296875 0.46640625 0.06708984375 0.0545654296875
0 0.40078125 0.57734375 0.0767333984375 0.0515380859375
0 0.59921875 0.59453125 0.0639892578125 0.064013671875
0 0.50703125 0.65078125 0.07362060546875 0.05147705078125
0 0.7234375 0.5859375 0.06248779296875 0.059375
0 0.79921875 0.57578125 0.0702392578125 0.06875