0 0.08515625 0.565625 0.01875 0.04921875
0 0.1203125 0.5390625 0.0234375 0.0609375
0 0.1609375 0.3765625 0.021875 0.05390625
0 0.184375 0.4453125 0.02109375 0.05390625
0 0.17109375 0.553125 0.02109375 0.04765625
0 0.190625 0.615625 0.01640625 0.05078125
0 0.2296875 0.69453125 0.02578125 0.0625
0 0.20546875 0.3359375 0.021875 0.05234375
0 0.2234375 0.2859375 0.02265625 0.05546875
0 0.28515625 0.26171875 0.0234375 0.05390625
0 0.2390625 0.375 0.0203125 0.05390625
0 0.26640625 0.33203125 0.0234375 0.04765625
0 0.2828125 0.39296875 0.0234375 0.075
0 0.2734375 0.51484375 0.0234375 0.0609375
0 0.31640625 0.2921875 0.0203125 0.05703125
0 0.3046875 0.3515625 0.02109375 0.04609375
0 0.3703125 0.26796875 0.02421875 0.0609375
0 0.40390625 0.29921875 0.02265625 0.05234375
0 0.31171875 0.4265625 0.02265625 0.05234375
0 0.34609375 0.4171875 0.01875 0.04921875
0 0.38359375 0.3984375 0.02890625 0.05703125
0 0.3453125 0.59375 0.02265625 0.05234375
0 0.3765625 0.55078125 0.028125 0.05546875
0 0.39765625 0.46875 0.02265625 0.04765625
0 0.4015625 0.59375 0.0171875 0.05234375
0 0.43984375 0.346875 0.01796875 0.04609375
0 0.4578125 0.271875 0.02265625 0.075
0 0.48515625 0.32578125 0.0296875 0.065625
0 0.52109375 0.28984375 0.02421875 0.0625
0 0.53984375 0.35390625 0.02109375 0.05390625
0 0.47109375 0.5421875 0.02578125 0.05078125
0 0.5078125 0.534375 0.0203125 0.04765625
0 0.45625 0.61015625 0.0265625 0.05234375
0 0.46875 0.6890625 0.02109375 0.03203125
0 0.546875 0.58203125 0.02265625 0.05078125
0 0.5859375 0.6171875 0.0296875 0.04765625
0 0.58359375 0.3125 0.0203125 0.05703125
0 0.609375 0.27265625 0.02109375 0.0609375
0 0.63984375 0.30546875 0.0171875 0.04921875
0 0.66484375 0.328125 0.01796875 0.059375
0 0.69921875 0.259375 0.0234375 0.05234375
0 0.75234375 0.27265625 0.01875 0.04765625
0 0.76875 0.3046875 0.02109375 0.05390625
0 0.81484375 0.32109375 0.02578125 0.05234375
0 0.85625 0.38984375 0.0265625 0.0625
0 0.7234375 0.3390625 0.0234375 0.05234375
0 0.5984375 0.39609375 0.02421875 0.059375
0 0.66875 0.4203125 0.02890625 0.059375
0 0.7171875 0.40078125 0.021875 0.059375
0 0.76484375 0.38828125 0.021875 0.0625
0 0.7984375 0.4078125 0.0234375 0.04921875
0 0.83828125 0.49765625 0.0203125 0.0609375
0 0.8921875 0.51875 0.02578125 0.059375
0 0.696875 0.5328125 0.028125 0.0671875
0 0.6671875 0.578125 0.02109375 0.05234375
0 0.61640625 0.66328125 0.02734375 0.0796875
0 0.753125 0.56328125 0.02265625 0.05390625
0 0.81484375 0.64140625 0.0234375 0.0609375
0 0.84296875 0.5796875 0.02421875 0.04609375