0 0.16640625 0.45625 0.092333984375 0.09368896484375
0 0.8359375 0.2328125 0.0688232421875 0.0749755859375
0 0.790625 0.5765625 0.0749267578125 0.07197265625
0 0.2390625 0.2328125 0.07491455078125 0.08427734375
0 0.3625 0.1390625 0.0781982421875 0.08115234375
0 0.51171875 0.146875 0.0829833984375 0.0842529296875
0 0.7109375 0.171875 0.0782470703125 0.0751220703125
0 0.49453125 0.34140625 0.0765869140625 0.0765625
0 0.6734375 0.30546875 0.08143310546875 0.0828125
0 0.33828125 0.4890625 0.0891357421875 0.09052734375
0 0.59609375 0.5765625 0.0734130859375 0.0719970703125