0 0.125 0.17578125 0.03203125 0.06484375
0 0.17578125 0.228125 0.025 0.06171875
0 0.23671875 0.2578125 0.03203125 0.06328125
0 0.3140625 0.3171875 0.0375 0.06171875
0 0.396875 0.33828125 0.03046875 0.0734375
0 0.48359375 0.39609375 0.03984375 0.08046875
0 0.540625 0.37578125 0.04453125 0.08671875
0 0.61796875 0.2921875 0.03984375 0.08359375
0 0.65703125 0.4625 0.03046875 0.08046875
0 0.68828125 0.225 0.03515625 0.06796875
0 0.784375 0.25390625 0.0328125 0.075
0 0.8375 0.21328125 0.03515625 0.059375
0 0.8859375 0.184375 0.02265625 0.05