0 0.05 0.40625 0.03359375 0.04375
0 0.10390625 0.390625 0.0375 0.04375
0 0.95078125 0.39375 0.03125 0.075
0 0.88125 0.3921875 0.0375 0.065625
0 0.81875 0.371875 0.0375 0.0625
0 0.16953125 0.39375 0.03125 0.05
0 0.196875 0.43203125 0.03203125 0.0484375
0 0.24765625 0.434375 0.02578125 0.05546875
0 0.29453125 0.43828125 0.01953125 0.05
0 0.34453125 0.4375 0.0265625 0.059375
0 0.4125 0.4171875 0.03125 0.078125
0 0.43203125 0.4015625 0.0453125 0.08515625
0 0.5515625 0.4046875 0.02421875 0.0625
0 0.6015625 0.39140625 0.03046875 0.05
0 0.659375 0.409375 0.03046875 0.0484375
0 0.71328125 0.40390625 0.03203125 0.046875
0 0.7609375 0.38828125 0.02890625 0.05390625