0 0.48828125 0.615625 0.0861083984375 0.1218994140625
0 0.696875 0.60546875 0.12177734375 0.121875
0 0.9359375 0.40859375 0.1187255859375 0.12021484375
0 0.7796875 0.37109375 0.1281982421875 0.1296142578125
0 0.5890625 0.35078125 0.11549072265625 0.114208984375
0 0.4734375 0.35625 0.1032958984375 0.1060791015625
0 0.4 0.3453125 0.08760986328125 0.0876220703125
0 0.334375 0.365625 0.07823486328125 0.11866455078125
0 0.2390625 0.4640625 0.09385986328125 0.09373779296875
0 0.12421875 0.459375 0.1139404296875 0.11240234375
0 0.065625 0.6484375 0.13125 0.13125
0 0.3359375 0.5359375 0.1061279296875 0.1061767578125