0 0.11484375 0.1125 0.03046875 0.053125
0 0.103125 0.5875 0.0484375 0.05078125
0 0.18515625 0.10625 0.03203125 0.04609375
0 0.1953125 0.5796875 0.04375 0.0625
0 0.884375 0.07421875 0.04609375 0.05546875
0 0.90546875 0.59765625 0.05546875 0.0625
0 0.7984375 0.0859375 0.03203125 0.05546875
0 0.8203125 0.5640625 0.0484375 0.05546875
0 0.24296875 0.0859375 0.04453125 0.05390625
0 0.315625 0.09609375 0.05390625 0.06328125
0 0.36953125 0.1203125 0.05390625 0.07734375
0 0.74921875 0.07109375 0.0390625 0.05703125
0 0.66328125 0.07421875 0.05546875 0.07734375
0 0.59609375 0.075 0.05546875 0.07578125
0 0.4984375 0.08359375 0.0703125 0.08515625
0 0.2765625 0.5765625 0.04296875 0.0609375
0 0.340625 0.57890625 0.04453125 0.06328125
0 0.42421875 0.58203125 0.04453125 0.05703125
0 0.503125 0.58828125 0.04296875 0.0515625
0 0.58828125 0.58359375 0.04609375 0.05703125
0 0.66796875 0.5796875 0.03515625 0.06484375
0 0.75546875 0.5625 0.03671875 0.0515625