0 0.665625 0.68046875 0.06015625 0.075
0 0.8140625 0.3234375 0.05078125 0.05
0 0.8453125 0.39765625 0.05234375 0.059375
0 0.2015625 0.2671875 0.05078125 0.0390625
0 0.11640625 0.38125 0.04140625 0.0453125
0 0.1578125 0.40546875 0.05078125 0.04296875
0 0.2359375 0.38359375 0.04609375 0.05546875
0 0.31796875 0.33671875 0.04921875 0.0359375
0 0.32890625 0.39375 0.04296875 0.04375
0 0.275 0.45390625 0.06171875 0.05
0 0.36640625 0.42890625 0.04765625 0.04296875
0 0.43125 0.41328125 0.04140625 0.04296875
0 0.38828125 0.3859375 0.03828125 0.03359375
0 0.490625 0.40859375 0.04296875 0.03203125
0 0.42578125 0.48203125 0.05234375 0.0453125
0 0.48046875 0.4609375 0.05078125 0.04609375
0 0.53203125 0.43984375 0.03984375 0.04375
0 0.52734375 0.3859375 0.04140625 0.04375
0 0.5734375 0.403125 0.04140625 0.05
0 0.60078125 0.37734375 0.03203125 0.04296875
0 0.6734375 0.3671875 0.04453125 0.0296875
0 0.746875 0.39140625 0.05546875 0.04140625
0 0.6265625 0.415625 0.04296875 0.0515625
0 0.68203125 0.4171875 0.04296875 0.04609375
0 0.71875 0.43515625 0.04609375 0.05703125
0 0.59296875 0.46640625 0.06171875 0.04765625
0 0.40078125 0.57734375 0.07578125 0.04765625
0 0.59921875 0.59453125 0.07578125 0.05
0 0.50703125 0.65078125 0.07265625 0.04921875
0 0.7234375 0.5859375 0.06171875 0.059375
0 0.79921875 0.57578125 0.07421875 0.06484375