0 0.75234375 0.321875 0.082958984375 0.08421630859375
0 0.6 0.2125 0.0781005859375 0.0810791015625
0 0.675 0.40859375 0.078271484375 0.079541015625
0 0.609375 0.34375 0.071875 0.0718994140625
0 0.546875 0.38984375 0.07816162109375 0.07955322265625
0 0.5453125 0.52734375 0.0656005859375 0.0860107421875
0 0.47109375 0.3546875 0.0642333984375 0.065673828125
0 0.48359375 0.16875 0.0732666015625 0.072021484375
0 0.39921875 0.21875 0.08125 0.0813720703125
0 0.4015625 0.40390625 0.06571044921875 0.08272705078125
0 0.39609375 0.5390625 0.0734130859375 0.071923828125
0 0.3359375 0.37421875 0.0656494140625 0.0734619140625
0 0.2640625 0.41953125 0.08438720703125 0.08291015625