0 0.08671875 0.44921875 0.053125 0.05155029296875
0 0.2140625 0.45 0.07177734375 0.06883544921875
0 0.27890625 0.44296875 0.0546630859375 0.0576416015625
0 0.3890625 0.3875 0.0532958984375 0.05626220703125
0 0.353125 0.4984375 0.05615234375 0.0561279296875
0 0.4453125 0.48515625 0.03731689453125 0.05166015625
0 0.4375 0.4375 0.05009765625 0.05009765625
0 0.534375 0.48125 0.0404541015625 0.05322265625
0 0.646875 0.4375 0.05623779296875 0.05625
0 0.5828125 0.40703125 0.050146484375 0.05625
0 0.50390625 0.3578125 0.04853515625 0.0500244140625
0 0.6453125 0.37421875 0.05606689453125 0.0546875
0 0.803125 0.47578125 0.0625732421875 0.06109619140625
0 0.9453125 0.434375 0.0780517578125 0.0780517578125