0 0.25703125 0.09296875 0.135986328125 0.135986328125
0 0.41875 0.09765625 0.13453369140625 0.13577880859375
0 0.58203125 0.0984375 0.13603515625 0.137353515625
0 0.74609375 0.1 0.12666015625 0.1280029296875
0 0.91640625 0.0984375 0.1297119140625 0.12822265625
0 0.090625 0.2375 0.13758544921875 0.14044189453125
0 0.2515625 0.23359375 0.13758544921875 0.11085205078125
0 0.42109375 0.234375 0.132763671875 0.1313232421875
0 0.584375 0.2359375 0.1468505859375 0.1154541015625
0 0.7453125 0.23671875 0.1343994140625 0.13297119140625
0 0.91484375 0.23984375 0.159375 0.11102294921875
0 0.1 0.3828125 0.13133544921875 0.1313232421875
0 0.2609375 0.37734375 0.131298828125 0.13125
0 0.4203125 0.3765625 0.11864013671875 0.1186767578125
0 0.58984375 0.378125 0.13594970703125 0.09061279296875
0 0.74921875 0.375 0.123486328125 0.1219970703125
0 0.90703125 0.3765625 0.1265625 0.1280517578125
0 0.090625 0.51484375 0.1188232421875 0.120263671875
0 0.25546875 0.5171875 0.12972412109375 0.131103515625
0 0.4203125 0.51484375 0.12490234375 0.123388671875
0 0.584375 0.51015625 0.15303955078125 0.11075439453125
0 0.74921875 0.515625 0.1141357421875 0.1126708984375
0 0.91640625 0.51484375 0.1484130859375 0.10478515625
0 0.0953125 0.6546875 0.1091796875 0.1091796875
0 0.2578125 0.65 0.15955810546875 0.1093017578125
0 0.42265625 0.65078125 0.129541015625 0.129541015625
0 0.5859375 0.6515625 0.11884765625 0.118798828125
0 0.75078125 0.65 0.1172607421875 0.11572265625
0 0.9109375 0.64921875 0.128173828125 0.0920166015625
0 0.0953125 0.78671875 0.1250244140625 0.1235595703125
0 0.259375 0.7828125 0.1593505859375 0.1154296875
0 0.4203125 0.78515625 0.1687255859375 0.13583984375
0 0.5765625 0.775 0.13438720703125 0.1125
0 0.75078125 0.78515625 0.15771484375 0.12646484375
0 0.909375 0.78515625 0.146923828125 0.1170166015625
0 0.09375 0.92109375 0.12503662109375 0.126513671875
0 0.2625 0.92421875 0.1187744140625 0.1202880859375
0 0.42265625 0.9203125 0.1236083984375 0.125048828125
0 0.5859375 0.92109375 0.13131103515625 0.132763671875
0 0.7515625 0.921875 0.1437255859375 0.1437255859375