0 0.4921875 0.396875 0.0654541015625 0.06544189453125
0 0.37734375 0.41484375 0.079736328125 0.079736328125
0 0.2921875 0.45234375 0.07796630859375 0.07650146484375
0 0.23828125 0.49140625 0.0765380859375 0.0578125
0 0.1609375 0.51875 0.071875 0.0626220703125
0 0.54453125 0.371875 0.0047607421875 0.0061767578125
0 0.57421875 0.39921875 0.054736328125 0.0547607421875
0 0.65703125 0.43046875 0.06387939453125 0.06387939453125
0 0.68671875 0.47109375 0.054541015625 0.05455322265625
0 0.76796875 0.484375 0.067041015625 0.0657958984375
0 0.85859375 0.521875 0.057666015625 0.0564208984375