0 0.16640625 0.24296875 0.0453125 0.09140625
0 0.19375 0.5125 0.0453125 0.08671875
0 0.78984375 0.228125 0.05546875 0.1015625
0 0.83203125 0.5046875 0.05703125 0.09609375
0 0.6546875 0.30625 0.053125 0.0984375
0 0.6796875 0.59765625 0.05546875 0.0890625
0 0.6 0.240625 0.053125 0.08125
0 0.45546875 0.2 0.04765625 0.07890625
0 0.49453125 0.275 0.04765625 0.08125
0 0.52734375 0.58359375 0.053125 0.071875
0 0.4265625 0.60390625 0.0453125 0.071875
0 0.33984375 0.56015625 0.0453125 0.0890625
0 0.37109375 0.35078125 0.0453125 0.08359375
0 0.37265625 0.4453125 0.04296875 0.05703125