0 0.14375 0.1203125 0.12802734375 0.12518310546875
0 0.76484375 0.1734375 0.08887939453125 0.13438720703125
0 0.2390625 0.24140625 0.074951171875 0.0735107421875
0 0.38671875 0.28203125 0.09852294921875 0.09854736328125
0 0.365625 0.44609375 0.10302734375 0.140625
0 0.40625 0.59765625 0.10615234375 0.10625
0 0.5328125 0.35390625 0.10625 0.107763671875
0 0.6359375 0.37265625 0.096826171875 0.0953857421875
0 0.71015625 0.3890625 0.0920654296875 0.0907958984375
0 0.8453125 0.30078125 0.0783203125 0.1204345703125
0 0.8953125 0.5875 0.09052734375 0.1188720703125