0 0.56328125 0.20078125 0.109375 0.16103515625
0 0.778125 0.1515625 0.1282958984375 0.1310791015625
0 0.80625 0.36875 0.1123779296875 0.15321044921875
0 0.45078125 0.378125 0.1390380859375 0.1375732421875
0 0.62578125 0.45390625 0.1015625 0.1015625
0 0.72265625 0.52734375 0.0888916015625 0.1108154296875
0 0.4859375 0.58046875 0.1217529296875 0.120361328125
0 0.43671875 0.74609375 0.10472412109375 0.104736328125
0 0.33125 0.55859375 0.09986572265625 0.098388671875
0 0.18046875 0.5765625 0.10762939453125 0.1310791015625
0 0.2546875 0.25 0.1094482421875 0.10948486328125
0 0.34765625 0.2984375 0.09849853515625 0.09700927734375
0 0.2265625 0.43125 0.1188232421875 0.16259765625