0 0.26796875 0.66484375 0.06171875 0.08984375
0 0.50390625 0.64609375 0.0296875 0.03984375
0 0.51640625 0.82734375 0.04140625 0.03984375
0 0.65390625 0.82578125 0.04140625 0.04609375
0 0.7890625 0.815625 0.0359375 0.04609375
0 0.78984375 0.65078125 0.03125 0.05
0 0.66328125 0.6484375 0.04140625 0.05703125
0 0.79140625 0.46875 0.03125 0.03984375
0 0.6515625 0.46796875 0.03984375 0.046875
0 0.53125 0.46953125 0.0375 0.053125
0 0.371875 0.46953125 0.046875 0.05
0 0.2125 0.4640625 0.04453125 0.05390625
0 0.1859375 0.2875 0.034375 0.03984375
0 0.36328125 0.2828125 0.03828125 0.04609375
0 0.5 0.2625 0.04296875 0.05
0 0.65390625 0.29140625 0.04140625 0.04609375
0 0.78984375 0.253125 0.034375 0.04609375
0 0.23203125 0.10234375 0.0359375 0.046875
0 0.3453125 0.0953125 0.04140625 0.04453125
0 0.47890625 0.10390625 0.0296875 0.04453125
0 0.64765625 0.08359375 0.0359375 0.05
0 0.79453125 0.10078125 0.034375 0.04453125