0 0.16875 0.134375 0.15625 0.19921875
0 0.40625 0.09140625 0.1921875 0.1828125
0 0.6328125 0.1203125 0.2109375 0.19375
0 0.88203125 0.11171875 0.16953125 0.1578125
0 0.10859375 0.45234375 0.1671875 0.1796875
0 0.375 0.4640625 0.165625 0.1921875
0 0.615625 0.43671875 0.1453125 0.15234375
0 0.8921875 0.46171875 0.15390625 0.18515625
0 0.11640625 0.76796875 0.18359375 0.18515625
0 0.340625 0.77734375 0.16953125 0.18828125
0 0.66015625 0.76328125 0.18828125 0.1796875
0 0.9359375 0.75625 0.128125 0.16875