0 0.92109375 0.13125 0.03599853515625 0.03453369140625
0 0.8421875 0.1296875 0.040576171875 0.028125
0 0.74453125 0.04765625 0.03916015625 0.0295166015625
0 0.771875 0.134375 0.04051513671875 0.04073486328125
0 0.728125 0.190625 0.04373779296875 0.04376220703125
0 0.68671875 0.1296875 0.04835205078125 0.03731689453125
0 0.65625 0.05 0.0312255859375 0.031201171875
0 0.590625 0.0484375 0.03741455078125 0.03740234375
0 0.6359375 0.090625 0.02821044921875 0.02822265625
0 0.5828125 0.1015625 0.0313720703125 0.03115234375
0 0.5953125 0.13515625 0.0405517578125 0.042041015625
0 0.528125 0.04921875 0.028125 0.0234130859375
0 0.5 0.10234375 0.0313232421875 0.03271484375
0 0.5078125 0.13203125 0.04359130859375 0.042138671875
0 0.43359375 0.13515625 0.0451416015625 0.0296875
0 0.434375 0.09765625 0.03741455078125 0.03603515625
0 0.44765625 0.05390625 0.032763671875 0.03277587890625
0 0.3734375 0.0453125 0.03446044921875 0.03741455078125
0 0.2921875 0.0375 0.03116455078125 0.02821044921875
0 0.2265625 0.03984375 0.03758544921875 0.0390625
0 0.36484375 0.09296875 0.03271484375 0.0327392578125
0 0.30546875 0.0875 0.02984619140625 0.031298828125
0 0.35078125 0.13046875 0.03896484375 0.03280029296875
0 0.275 0.128125 0.0345458984375 0.0345458984375
0 0.21328125 0.1296875 0.03917236328125 0.0279296875
0 0.57734375 0.19453125 0.0420166015625 0.0420166015625
0 0.403125 0.19765625 0.0467041015625 0.0454345703125
0 0.20390625 0.196875 0.0486083984375 0.0499267578125
0 0.840625 0.3953125 0.04981689453125 0.0313232421875
0 0.765625 0.36640625 0.037548828125 0.03902587890625
0 0.7015625 0.3609375 0.03741455078125 0.0374267578125
0 0.6265625 0.36484375 0.046875 0.0359130859375
0 0.7515625 0.41640625 0.04378662109375 0.04527587890625
0 0.825 0.4578125 0.04356689453125 0.04071044921875
0 0.73046875 0.46171875 0.04530029296875 0.034375
0 0.6546875 0.41875 0.04365234375 0.04366455078125
0 0.62890625 0.459375 0.0423095703125 0.043603515625
0 0.77421875 0.54140625 0.06424560546875 0.04228515625
0 0.6578125 0.5390625 0.0437744140625 0.043798828125
0 0.53828125 0.365625 0.03892822265625 0.03765869140625
0 0.5046875 0.525 0.0469482421875 0.0469970703125
0 0.3609375 0.5328125 0.0592529296875 0.0376708984375
0 0.1859375 0.5265625 0.04991455078125 0.04991455078125
0 0.90234375 0.80078125 0.04520263671875 0.0453125
0 0.8296875 0.79921875 0.040673828125 0.0326416015625
0 0.73671875 0.721875 0.0327392578125 0.031396484375
0 0.7671875 0.8046875 0.03446044921875 0.0344482421875
0 0.7078125 0.85 0.05010986328125 0.04384765625
0 0.675 0.79765625 0.0405517578125 0.02977294921875
0 0.66171875 0.721875 0.02958984375 0.02822265625
0 0.646875 0.76328125 0.03421630859375 0.03294677734375
0 0.59296875 0.71953125 0.0390625 0.0296142578125