0 0.26640625 0.1890625 0.09840087890625 0.09984130859375
0 0.4296875 0.29921875 0.0843994140625 0.1390380859375
0 0.57265625 0.35234375 0.07333984375 0.10782470703125
0 0.7328125 0.4140625 0.0875244140625 0.0875244140625
0 0.83046875 0.58515625 0.07362060546875 0.10477294921875
0 0.76328125 0.5640625 0.098486328125 0.09986572265625
0 0.6609375 0.59140625 0.08760986328125 0.11085205078125
0 0.52109375 0.58515625 0.0701416015625 0.1141357421875
0 0.409375 0.634375 0.0748291015625 0.1250732421875
0 0.29375 0.60078125 0.1126953125 0.1139892578125
0 0.18984375 0.6109375 0.07646484375 0.1373291015625
0 0.12734375 0.625 0.08583984375 0.0873046875