0 0.45390625 0.090625 0.0672607421875 0.05947265625
0 0.559375 0.1390625 0.0439453125 0.0466796875
0 0.471875 0.19609375 0.0407958984375 0.042041015625
0 0.32890625 0.23203125 0.0547607421875 0.04833984375
0 0.70390625 0.21875 0.04234619140625 0.04368896484375
0 0.81953125 0.24375 0.0607666015625 0.05927734375
0 0.63125 0.3734375 0.06573486328125 0.05955810546875
0 0.46875 0.39375 0.0623046875 0.0623291015625
0 0.384375 0.36640625 0.05302734375 0.05166015625
0 0.228125 0.39296875 0.0562255859375 0.05625
0 0.553125 0.503125 0.037548828125 0.034375
0 0.1796875 0.57578125 0.05009765625 0.051513671875
0 0.3046875 0.6 0.0657470703125 0.0655029296875
0 0.55078125 0.60625 0.04208984375 0.0470458984375