0 0.01796875 0.42734375 0.0359375 0.0609375
0 0.11015625 0.39765625 0.0546875 0.0546630859375
0 0.2 0.44453125 0.03134765625 0.06405029296875
0 0.3203125 0.36484375 0.059423828125 0.0609130859375
0 0.375 0.44765625 0.078125 0.07666015625
0 0.47734375 0.41875 0.092138671875 0.09068603515625
0 0.55 0.4125 0.04052734375 0.04052734375
0 0.63828125 0.34453125 0.060986328125 0.060986328125
0 0.77109375 0.40234375 0.0328125 0.0673095703125
0 0.87265625 0.37265625 0.054736328125 0.054736328125
0 0.9765625 0.43203125 0.046875 0.0546875