0 0.16171875 0.16953125 0.0640625 0.0625
0 0.26484375 0.19921875 0.065625 0.065625
0 0.34921875 0.2078125 0.0578125 0.05703125
0 0.475 0.146875 0.0703125 0.065625
0 0.59609375 0.17421875 0.05234375 0.05234375
0 0.66171875 0.21796875 0.05625 0.0671875
0 0.77265625 0.17734375 0.0578125 0.05859375
0 0.85 0.20546875 0.06796875 0.06875
0 0.134375 0.6140625 0.0640625 0.05390625
0 0.265625 0.6078125 0.06796875 0.06875
0 0.37734375 0.65078125 0.065625 0.05546875
0 0.50234375 0.64140625 0.06796875 0.0671875
0 0.65 0.61640625 0.05625 0.05234375
0 0.83828125 0.60703125 0.06796875 0.0671875