0 0.92265625 0.36328125 0.06103515625 0.06103515625
0 0.09296875 0.37890625 0.0733154296875 0.0735595703125
0 0.18671875 0.4796875 0.0858642578125 0.0873779296875
0 0.77578125 0.38359375 0.07342529296875 0.046875
0 0.63984375 0.35234375 0.060888671875 0.060888671875
0 0.40390625 0.34375 0.07359619140625 0.07503662109375
0 0.37734375 0.49609375 0.0889892578125 0.089013671875
0 0.56015625 0.48046875 0.071875 0.07325439453125
0 0.503125 0.39453125 0.07796630859375 0.07650146484375
0 0.6078125 0.47421875 0.06893310546875 0.07012939453125
0 0.8109375 0.50078125 0.08121337890625 0.07972412109375