0 0.0890625 0.071875 0.153125 0.14375
0 0.296875 0.08125 0.19364013671875 0.1560546875
0 0.4859375 0.08515625 0.178125 0.1703125
0 0.70859375 0.0921875 0.1922119140625 0.1467041015625
0 0.8921875 0.07578125 0.153125 0.1515625
0 0.878125 0.01171875 0.0125 0.01103515625
0 0.0984375 0.28828125 0.181103515625 0.1514892578125
0 0.3 0.28671875 0.16866455078125 0.16728515625
0 0.49140625 0.2890625 0.1859375 0.175048828125
0 0.71171875 0.2828125 0.170361328125 0.17183837890625
0 0.88359375 0.28671875 0.167333984375 0.167333984375
0 0.103125 0.47734375 0.1939208984375 0.16710205078125
0 0.303125 0.48828125 0.1623046875 0.17042236328125
0 0.49296875 0.48515625 0.1796875 0.1796875
0 0.69140625 0.48671875 0.164208984375 0.164208984375
0 0.903125 0.490625 0.16260986328125 0.1623779296875
0 0.09140625 0.68671875 0.1703125 0.1625
0 0.2984375 0.68515625 0.1781982421875 0.1796875
0 0.503125 0.68828125 0.1811767578125 0.179833984375
0 0.69140625 0.7015625 0.182958984375 0.184423828125
0 0.89296875 0.68828125 0.1642333984375 0.1642333984375
0 0.1015625 0.884375 0.1813232421875 0.18133544921875
0 0.2984375 0.8796875 0.215673828125 0.128125
0 0.503125 0.8828125 0.187451171875 0.18759765625
0 0.69296875 0.884375 0.179541015625 0.17818603515625
0 0.9 0.87578125 0.1501708984375 0.151611328125