0 0.4859375 0.51328125 0.075048828125 0.0735595703125
0 0.54140625 0.4484375 0.0640869140625 0.065625
0 0.3875 0.440625 0.08134765625 0.056298828125
0 0.2140625 0.48359375 0.06865234375 0.067333984375
0 0.32421875 0.384375 0.0577880859375 0.053173828125
0 0.3859375 0.340625 0.0470458984375 0.0435791015625
0 0.44453125 0.37890625 0.05771484375 0.05771484375
0 0.50703125 0.36171875 0.04512939453125 0.04237060546875
0 0.61015625 0.39296875 0.0482666015625 0.0485107421875
0 0.63359375 0.34296875 0.05467529296875 0.0375
0 0.7390625 0.39140625 0.05933837890625 0.05784912109375
0 0.6609375 0.44921875 0.07188720703125 0.07041015625