0 0.91015625 0.33671875 0.075 0.06875
0 0.82578125 0.33203125 0.05234375 0.06875
0 0.77109375 0.30859375 0.04609375 0.06640625
0 0.125 0.31015625 0.0625 0.07890625
0 0.16640625 0.4125 0.0625 0.07109375
0 0.28984375 0.32421875 0.05078125 0.0625
0 0.25625 0.41171875 0.05625 0.08203125
0 0.3171875 0.39921875 0.0625 0.0703125
0 0.40078125 0.31796875 0.0578125 0.0609375
0 0.40703125 0.3984375 0.0578125 0.07109375
0 0.46875 0.3828125 0.05625 0.07109375
0 0.51953125 0.309375 0.0625 0.05625
0 0.53984375 0.36875 0.05078125 0.07734375
0 0.61171875 0.36875 0.05078125 0.08046875
0 0.69375 0.31484375 0.07734375 0.0578125
0 0.71171875 0.3734375 0.0546875 0.08046875