0 0.0859375 0.43828125 0.0283203125 0.06092529296875
0 0.15 0.43125 0.0467041015625 0.071923828125
0 0.18125 0.415625 0.0435546875 0.0437744140625
0 0.20703125 0.45546875 0.05770263671875 0.05770263671875
0 0.3140625 0.4140625 0.04071044921875 0.0436767578125
0 0.290625 0.4625 0.05302734375 0.0501708984375
0 0.33984375 0.3625 0.04534912109375 0.04681396484375
0 0.35546875 0.47890625 0.065625 0.0670166015625
0 0.38828125 0.453125 0.05172119140625 0.05316162109375
0 0.4046875 0.37734375 0.0533203125 0.0546630859375
0 0.4765625 0.36015625 0.028173828125 0.0609375
0 0.53203125 0.35703125 0.03299560546875 0.06727294921875
0 0.57890625 0.33984375 0.057763671875 0.05775146484375
0 0.6203125 0.375 0.04697265625 0.0812255859375
0 0.68828125 0.31484375 0.06396484375 0.0639404296875
0 0.7375 0.37421875 0.06878662109375 0.07015380859375
0 0.8359375 0.36171875 0.04697265625 0.1015380859375