0 0.1390625 0.0640625 0.0595458984375 0.0623291015625
0 0.28203125 0.1734375 0.07655029296875 0.10001220703125
0 0.484375 0.0671875 0.05009765625 0.0594482421875
0 0.70390625 0.0359375 0.059375 0.0591796875
0 0.6921875 0.2046875 0.0689208984375 0.06893310546875
0 0.52109375 0.209375 0.0421875 0.04356689453125
0 0.55625 0.240625 0.06884765625 0.06572265625
0 0.11640625 0.2953125 0.067333984375 0.06878662109375
0 0.85234375 0.309375 0.0889892578125 0.065625
0 0.10859375 0.3953125 0.06416015625 0.06865234375
0 0.33515625 0.36640625 0.051611328125 0.051611328125
0 0.56015625 0.39453125 0.05797119140625 0.057958984375
0 0.68828125 0.40546875 0.060791015625 0.060791015625
0 0.953125 0.378125 0.08740234375 0.08740234375
0 0.04296875 0.53203125 0.05787353515625 0.057861328125
0 0.31171875 0.52265625 0.06728515625 0.06728515625
0 0.43359375 0.58671875 0.0578857421875 0.05771484375
0 0.85859375 0.5703125 0.054736328125 0.056103515625
0 0.08359375 0.7015625 0.0638916015625 0.0626708984375
0 0.309375 0.70859375 0.0435546875 0.0420654296875
0 0.48359375 0.72890625 0.04522705078125 0.04520263671875
0 0.75859375 0.7 0.0765625 0.06259765625
0 0.86484375 0.71328125 0.057958984375 0.057958984375
0 0.10859375 0.9453125 0.0578125 0.04678955078125
0 0.2953125 0.9078125 0.0468994140625 0.053125
0 0.48671875 0.86953125 0.059375 0.053125
0 0.7109375 0.87109375 0.0591796875 0.0576416015625
0 0.87578125 0.96640625 0.0703125 0.0671875