0 0.021875 0.43203125 0.04375 0.0515625
0 0.08828125 0.4609375 0.045263671875 0.0466796875
0 0.15390625 0.42734375 0.028125 0.06407470703125
0 0.1953125 0.48203125 0.03116455078125 0.05625
0 0.25859375 0.41796875 0.0485595703125 0.048583984375
0 0.31171875 0.4703125 0.0296875 0.0595703125
0 0.36796875 0.44609375 0.057958984375 0.057958984375
0 0.31171875 0.634375 0.042138671875 0.040771484375
0 0.375 0.5875 0.03115234375 0.0438720703125
0 0.4265625 0.48203125 0.043701171875 0.042236328125
0 0.428125 0.64375 0.0439453125 0.0439453125
0 0.4703125 0.578125 0.040576171875 0.0406005859375
0 0.496875 0.434375 0.0498046875 0.0470458984375
0 0.5296875 0.465625 0.03447265625 0.062646484375
0 0.515625 0.60703125 0.046826171875 0.045361328125
0 0.55859375 0.65078125 0.04212646484375 0.042138671875
0 0.58515625 0.48515625 0.051708984375 0.05169677734375
0 0.63828125 0.43203125 0.03271484375 0.06417236328125
0 0.7203125 0.49609375 0.028076171875 0.0671630859375
0 0.746875 0.46171875 0.040625 0.0420654296875
0 0.80625 0.47578125 0.0406005859375 0.042041015625
0 0.83515625 0.43046875 0.045361328125 0.045361328125
0 0.9078125 0.47734375 0.0281005859375 0.0515625
0 0.9609375 0.44375 0.03143310546875 0.06248779296875