0 0.153125 0.16015625 0.046875 0.0375
0 0.296875 0.15625 0.046875 0.04140625
0 0.48125 0.15859375 0.04453125 0.034375
0 0.7 0.14375 0.03828125 0.03984375
0 0.890625 0.15546875 0.0421875 0.04609375
0 0.09609375 0.31484375 0.04921875 0.0359375
0 0.33125 0.31328125 0.04921875 0.04921875
0 0.51328125 0.29921875 0.04921875 0.03984375
0 0.70625 0.32265625 0.0421875 0.03828125
0 0.884375 0.2921875 0.04921875 0.034375
0 0.13203125 0.478125 0.040625 0.0375
0 0.5484375 0.4828125 0.040625 0.0375
0 0.703125 0.4765625 0.0359375 0.0375
0 0.88359375 0.475 0.0421875 0.034375
0 0.20703125 0.64296875 0.09609375 0.08203125
0 0.51328125 0.63046875 0.0625 0.03828125
0 0.71875 0.64140625 0.04921875 0.04296875
0 0.890625 0.63671875 0.0421875 0.0375
0 0.52421875 0.78828125 0.0671875 0.0328125
0 0.71328125 0.78984375 0.05625 0.04765625
0 0.884375 0.778125 0.05859375 0.0375