0 0.0859375 0.43828125 0.028125 0.06015625
0 0.15 0.43125 0.03828125 0.0703125
0 0.18125 0.415625 0.021875 0.0578125
0 0.20703125 0.45546875 0.03515625 0.07578125
0 0.3140625 0.4140625 0.02421875 0.0609375
0 0.290625 0.4625 0.03125 0.06484375
0 0.33984375 0.3625 0.03515625 0.05546875
0 0.35546875 0.47890625 0.0359375 0.08671875
0 0.38828125 0.453125 0.02734375 0.07734375
0 0.4046875 0.37734375 0.0265625 0.07734375
0 0.4765625 0.36015625 0.0296875 0.0609375
0 0.53203125 0.35703125 0.03203125 0.06640625
0 0.57890625 0.33984375 0.0375 0.07578125
0 0.6203125 0.375 0.040625 0.07734375
0 0.68828125 0.31484375 0.0359375 0.07890625
0 0.7375 0.37421875 0.04921875 0.07890625
0 0.8359375 0.36171875 0.046875 0.10078125