0 0.07265625 0.278125 0.0484375 0.10390625
0 0.065625 0.3796875 0.05078125 0.0859375
0 0.23515625 0.34765625 0.05078125 0.1
0 0.209375 0.440625 0.040625 0.07890625
0 0.34296875 0.365625 0.028125 0.071875
0 0.378125 0.35625 0.034375 0.10390625
0 0.47578125 0.3296875 0.04453125 0.1078125
0 0.60390625 0.3046875 0.04609375 0.1
0 0.49609375 0.43515625 0.0359375 0.0828125
0 0.62734375 0.41953125 0.0359375 0.09296875
0 0.76171875 0.3515625 0.0484375 0.1
0 0.93125 0.31328125 0.05234375 0.1109375
0 0.971875 0.44296875 0.0359375 0.06796875
0 0.85859375 0.46796875 0.0484375 0.075
0 0.6875 0.453125 0.0359375 0.075