0 0.26796875 0.66484375 0.06104736328125 0.08917236328125
0 0.50390625 0.64609375 0.03583984375 0.03594970703125
0 0.51640625 0.82734375 0.03914794921875 0.04210205078125
0 0.65390625 0.82578125 0.04530029296875 0.04825439453125
0 0.7890625 0.815625 0.043603515625 0.0407958984375
0 0.78984375 0.65078125 0.0423095703125 0.042333984375
0 0.66328125 0.6484375 0.0545166015625 0.0532958984375
0 0.79140625 0.46875 0.0359375 0.03446044921875
0 0.6515625 0.46796875 0.0439208984375 0.0453125
0 0.53125 0.46953125 0.0469482421875 0.0484375
0 0.371875 0.46953125 0.05302734375 0.0515625
0 0.2125 0.4640625 0.04991455078125 0.05635986328125
0 0.1859375 0.2875 0.0345703125 0.04071044921875
0 0.36328125 0.2828125 0.045361328125 0.0468017578125
0 0.5 0.2625 0.0470458984375 0.0498046875
0 0.65390625 0.29140625 0.04832763671875 0.0484375
0 0.78984375 0.253125 0.04208984375 0.0406982421875
0 0.23203125 0.10234375 0.042138671875 0.042138671875
0 0.3453125 0.0953125 0.04385986328125 0.04385986328125
0 0.47890625 0.10390625 0.0375 0.03602294921875
0 0.64765625 0.08359375 0.045263671875 0.045263671875
0 0.79453125 0.10078125 0.042333984375 0.0423095703125