0 0.1140625 0.54140625 0.0623779296875 0.0610595703125
0 0.18515625 0.5484375 0.05147705078125 0.06260986328125
0 0.27265625 0.54375 0.057763671875 0.0563720703125
0 0.353125 0.55859375 0.059228515625 0.057861328125
0 0.4609375 0.521875 0.0687255859375 0.0689453125
0 0.55 0.54140625 0.07183837890625 0.07037353515625
0 0.61953125 0.55 0.0577392578125 0.056298828125
0 0.68125 0.553125 0.05936279296875 0.06231689453125
0 0.784375 0.5546875 0.059521484375 0.05927734375
0 0.871875 0.53203125 0.0623046875 0.06083984375
0 0.1390625 0.05234375 0.0500732421875 0.0485107421875
0 0.20703125 0.040625 0.042236328125 0.04375
0 0.30546875 0.0671875 0.04521484375 0.043896484375
0 0.39765625 0.08203125 0.05770263671875 0.046875
0 0.46640625 0.06484375 0.0485107421875 0.0485107421875
0 0.41484375 0.1625 0.04853515625 0.04705810546875
0 0.54453125 0.08671875 0.0453125 0.04530029296875
0 0.6234375 0.08203125 0.0499755859375 0.0485107421875
0 0.7046875 0.07265625 0.04697265625 0.0483154296875
0 0.77109375 0.06875 0.040625 0.05313720703125
0 0.86171875 0.06640625 0.05625 0.0576416015625