0 0.1828125 0.1125 0.0936279296875 0.0936279296875
0 0.784375 0.7390625 0.10323486328125 0.10323486328125
0 0.0828125 0.40703125 0.0312744140625 0.0298583984375
0 0.0828125 0.5390625 0.03436279296875 0.03436279296875
0 0.0703125 0.69921875 0.05010986328125 0.04512939453125
0 0.91328125 0.221875 0.0361083984375 0.0373779296875
0 0.93125 0.38515625 0.0313232421875 0.0298095703125
0 0.9125 0.546875 0.0437744140625 0.04375
0 0.25625 0.53515625 0.0406494140625 0.040625
0 0.2171875 0.375 0.0343505859375 0.03436279296875
0 0.25390625 0.703125 0.036083984375 0.03734130859375
0 0.74609375 0.0515625 0.0578125 0.0501220703125
0 0.396875 0.2203125 0.0343994140625 0.03438720703125
0 0.59140625 0.21953125 0.0265625 0.02667236328125
0 0.7390625 0.2109375 0.046875 0.04688720703125
0 0.328125 0.390625 0.034423828125 0.0343994140625
0 0.4828125 0.375 0.03114013671875 0.03134765625
0 0.64375 0.36171875 0.043896484375 0.0361083984375
0 0.78828125 0.37265625 0.02958984375 0.02969970703125
0 0.57265625 0.55390625 0.0327880859375 0.0328369140625
0 0.76796875 0.546875 0.032958984375 0.0342041015625
0 0.41640625 0.7015625 0.034375 0.0407958984375
0 0.5734375 0.709375 0.03740234375 0.03446044921875
0 0.5875 0.90234375 0.05003662109375 0.04859619140625
0 0.25078125 0.8609375 0.0422119140625 0.0407958984375
0 0.084375 0.91484375 0.053173828125 0.0546630859375