0 0.26640625 0.1890625 0.078125 0.10859375
0 0.4296875 0.29921875 0.0703125 0.13203125
0 0.57265625 0.35234375 0.071875 0.10859375
0 0.7328125 0.4140625 0.06640625 0.10390625
0 0.83046875 0.58515625 0.071875 0.10390625
0 0.76328125 0.5640625 0.0703125 0.11875
0 0.6609375 0.59140625 0.08125 0.10625
0 0.52109375 0.58515625 0.06796875 0.1140625
0 0.409375 0.634375 0.071875 0.12421875
0 0.29375 0.60078125 0.0796875 0.1296875
0 0.18984375 0.6109375 0.071875 0.134375
0 0.12734375 0.625 0.053125 0.10625