0 0.4859375 0.51328125 0.075 0.0734130859375
0 0.54140625 0.4484375 0.0641845703125 0.06572265625
0 0.3875 0.440625 0.08125 0.0561767578125
0 0.2140625 0.48359375 0.0625244140625 0.064013671875
0 0.32421875 0.384375 0.05487060546875 0.0529541015625
0 0.3859375 0.340625 0.0437255859375 0.0437744140625
0 0.44453125 0.37890625 0.0609375 0.0546875
0 0.50703125 0.36171875 0.04219970703125 0.04217529296875
0 0.61015625 0.39296875 0.04542236328125 0.04520263671875
0 0.63359375 0.34296875 0.0546630859375 0.03896484375
0 0.7390625 0.39140625 0.05953369140625 0.06077880859375
0 0.6609375 0.44921875 0.07501220703125 0.07353515625