0 0.1359375 0.11015625 0.174951171875 0.17359619140625
0 0.35859375 0.0953125 0.1328125 0.13427734375
0 0.65703125 0.0765625 0.1328369140625 0.131396484375
0 0.89296875 0.11796875 0.148291015625 0.1482666015625
0 0.8984375 0.4203125 0.13116455078125 0.1281982421875
0 0.628125 0.46640625 0.128125 0.13897705078125
0 0.4 0.44296875 0.152978515625 0.15172119140625
0 0.1265625 0.42109375 0.1248779296875 0.1235595703125
0 0.09453125 0.76640625 0.146875 0.146875
0 0.3984375 0.7625 0.15302734375 0.15302734375
0 0.615625 0.76875 0.15010986328125 0.15008544921875
0 0.878125 0.7703125 0.1281494140625 0.1531494140625