0 0.11015625 0.1203125 0.08125 0.0781494140625
0 0.26640625 0.1390625 0.0859619140625 0.0874267578125
0 0.4234375 0.1109375 0.06580810546875 0.0687744140625
0 0.59296875 0.13515625 0.07978515625 0.0826416015625
0 0.72734375 0.1328125 0.07015380859375 0.0687255859375
0 0.88125 0.13125 0.06866455078125 0.06865234375
0 0.0984375 0.259375 0.0656982421875 0.08125
0 0.26640625 0.2796875 0.07344970703125 0.09366455078125
0 0.428125 0.2796875 0.06573486328125 0.0842041015625
0 0.57734375 0.2890625 0.08275146484375 0.0812744140625
0 0.7234375 0.2828125 0.08126220703125 0.08125
0 0.8765625 0.284375 0.071728515625 0.0717529296875
0 0.11875 0.43125 0.0625 0.0874755859375
0 0.29921875 0.4203125 0.07646484375 0.07498779296875
0 0.4328125 0.428125 0.08427734375 0.0842529296875
0 0.5828125 0.42890625 0.084375 0.084375
0 0.73828125 0.43515625 0.0890380859375 0.089013671875
0 0.88671875 0.4328125 0.0891357421875 0.08759765625
0 0.10703125 0.5953125 0.0826904296875 0.081396484375
0 0.25625 0.58828125 0.0685546875 0.0670654296875
0 0.42890625 0.590625 0.082763671875 0.081298828125
0 0.58203125 0.584375 0.07974853515625 0.0782470703125
0 0.73671875 0.5921875 0.09541015625 0.0939208984375
0 0.8953125 0.5828125 0.0967529296875 0.09677734375
0 0.1125 0.7375 0.087451171875 0.0844482421875
0 0.27890625 0.73984375 0.0703125 0.1016845703125
0 0.42890625 0.740625 0.092236328125 0.0936767578125
0 0.5796875 0.74453125 0.0811279296875 0.079833984375
0 0.73828125 0.71484375 0.0641845703125 0.0639404296875
0 0.88125 0.73203125 0.0969482421875 0.098291015625
0 0.13125 0.89296875 0.08743896484375 0.08599853515625
0 0.27578125 0.8734375 0.079736328125 0.0782958984375
0 0.421875 0.88671875 0.0935791015625 0.092138671875
0 0.57578125 0.878125 0.082763671875 0.08424072265625
0 0.72265625 0.8828125 0.0889404296875 0.0874267578125
0 0.9015625 0.88515625 0.087353515625 0.1015380859375