0 0.19453125 0.0859375 0.05478515625 0.06572265625
0 0.11953125 0.22265625 0.05467529296875 0.07021484375
0 0.26484375 0.29609375 0.0517333984375 0.0764892578125
0 0.37421875 0.1578125 0.04541015625 0.0720458984375
0 0.5859375 0.18203125 0.0624267578125 0.06097412109375
0 0.8515625 0.08671875 0.04384765625 0.04521484375
0 0.1234375 0.3890625 0.06883544921875 0.07178955078125
0 0.43671875 0.3609375 0.054638671875 0.0561279296875
0 0.67109375 0.3953125 0.06407470703125 0.06251220703125
0 0.82265625 0.4515625 0.0515625 0.053076171875
0 0.16015625 0.63359375 0.0671875 0.06707763671875
0 0.34921875 0.484375 0.05146484375 0.07196044921875
0 0.32734375 0.6796875 0.04862060546875 0.07169189453125
0 0.50859375 0.59375 0.0516357421875 0.053076171875
0 0.71640625 0.6 0.05625 0.07198486328125
0 0.89453125 0.65390625 0.0670166015625 0.06416015625
0 0.1953125 0.8203125 0.05008544921875 0.0501220703125
0 0.4515625 0.803125 0.0467041015625 0.0563720703125
0 0.64453125 0.778125 0.057958984375 0.05943603515625
0 0.83515625 0.840625 0.06728515625 0.0686279296875