0 0.1578125 0.0875 0.0436767578125 0.043701171875
0 0.91171875 0.1 0.0453857421875 0.046826171875
0 0.109375 0.34765625 0.04674072265625 0.045361328125
0 0.30546875 0.3140625 0.05771484375 0.056201171875
0 0.50703125 0.334375 0.03604736328125 0.0500244140625
0 0.715625 0.33046875 0.0438232421875 0.045263671875
0 0.8640625 0.3453125 0.04366455078125 0.04364013671875
0 0.11953125 0.57734375 0.05 0.05791015625
0 0.33046875 0.5828125 0.03919677734375 0.0405029296875
0 0.5140625 0.58515625 0.0467041015625 0.0453125
0 0.6671875 0.59765625 0.0498779296875 0.048583984375
0 0.9515625 0.58671875 0.04990234375 0.0611083984375
0 0.134375 0.80234375 0.04693603515625 0.045458984375
0 0.31796875 0.8265625 0.0422607421875 0.043701171875
0 0.45390625 0.8671875 0.054638671875 0.0531982421875
0 0.7078125 0.828125 0.04698486328125 0.04697265625
0 0.86640625 0.83046875 0.0452392578125 0.04521484375