0 0.24765625 0.2015625 0.0328125 0.03515625
0 0.3140625 0.2015625 0.04296875 0.0359375
0 0.41328125 0.196875 0.02734375 0.0390625
0 0.47578125 0.19296875 0.02734375 0.03359375
0 0.553125 0.18671875 0.02734375 0.03203125
0 0.628125 0.19765625 0.0328125 0.03203125
0 0.778125 0.1796875 0.04296875 0.0390625
0 0.80859375 0.1859375 0.02890625 0.03203125
0 0.2171875 0.72421875 0.0390625 0.0375
0 0.3 0.7234375 0.03671875 0.04140625
0 0.40078125 0.71875 0.04453125 0.03984375
0 0.49609375 0.70859375 0.040625 0.03515625
0 0.57265625 0.70703125 0.0390625 0.03203125
0 0.665625 0.71796875 0.0390625 0.0390625
0 0.74765625 0.69375 0.046875 0.04140625
0 0.86015625 0.7109375 0.05078125 0.0375