0 0.1390625 0.0640625 0.05321044921875 0.05948486328125
0 0.28203125 0.1734375 0.0859619140625 0.0874755859375
0 0.484375 0.0671875 0.05615234375 0.0531982421875
0 0.70390625 0.0359375 0.057861328125 0.059228515625
0 0.6921875 0.2046875 0.0656005859375 0.06561279296875
0 0.52109375 0.209375 0.0421875 0.04356689453125
0 0.55625 0.240625 0.06865234375 0.06552734375
0 0.11640625 0.2953125 0.075 0.0656005859375
0 0.85234375 0.309375 0.08292236328125 0.05634765625
0 0.10859375 0.3953125 0.0640625 0.0654296875
0 0.33515625 0.36640625 0.051611328125 0.051611328125
0 0.56015625 0.39453125 0.0578857421875 0.057861328125
0 0.68828125 0.40546875 0.05791015625 0.06083984375
0 0.953125 0.378125 0.0876953125 0.0876953125
0 0.04296875 0.53203125 0.0578857421875 0.057861328125
0 0.31171875 0.52265625 0.0703125 0.0703125
0 0.43359375 0.58671875 0.06390380859375 0.063916015625
0 0.85859375 0.5703125 0.051611328125 0.050146484375
0 0.08359375 0.7015625 0.06402587890625 0.06546630859375
0 0.309375 0.70859375 0.04375 0.0422607421875
0 0.48359375 0.72890625 0.0422119140625 0.0421630859375
0 0.75859375 0.7 0.075 0.0623046875
0 0.86484375 0.71328125 0.057958984375 0.057958984375
0 0.10859375 0.9453125 0.05625 0.0435791015625
0 0.2953125 0.9078125 0.0530517578125 0.05302734375
0 0.48671875 0.86953125 0.057666015625 0.057666015625
0 0.7109375 0.87109375 0.0564208984375 0.05765380859375
0 0.87578125 0.96640625 0.0703125 0.0671875