0 0.16484375 0.50390625 0.07978515625 0.07978515625
0 0.4046875 0.49453125 0.087451171875 0.08890380859375
0 0.60703125 0.478125 0.09827880859375 0.09703369140625
0 0.8671875 0.48125 0.1031005859375 0.1031005859375
0 0.12578125 0.09921875 0.032861328125 0.032861328125
0 0.18671875 0.103125 0.0421875 0.02509765625
0 0.2484375 0.11484375 0.0311279296875 0.029833984375
0 0.31015625 0.109375 0.0423583984375 0.025
0 0.3625 0.1109375 0.03125 0.0312744140625
0 0.4296875 0.109375 0.03143310546875 0.03438720703125
0 0.4921875 0.11640625 0.03123779296875 0.02042236328125
0 0.64140625 0.1046875 0.028125 0.027978515625
0 0.70234375 0.10859375 0.026708984375 0.026708984375
0 0.76015625 0.1078125 0.02982177734375 0.03121337890625
0 0.81015625 0.1046875 0.03896484375 0.0220703125
0 0.134375 0.19375 0.0282470703125 0.0282470703125
0 0.20390625 0.18359375 0.032666015625 0.0326416015625
0 0.27421875 0.1828125 0.03271484375 0.0342041015625
0 0.190625 0.2109375 0.0436279296875 0.0281982421875
0 0.28203125 0.2140625 0.0326416015625 0.031298828125
0 0.346875 0.18828125 0.028173828125 0.029638671875
0 0.38046875 0.21484375 0.0358154296875 0.03583984375
0 0.4265625 0.19375 0.0311767578125 0.03115234375
0 0.50546875 0.190625 0.034375 0.028125
0 0.471875 0.2140625 0.0376708984375 0.0311767578125
0 0.56328125 0.18984375 0.04512939453125 0.0265625
0 0.5515625 0.2125 0.0342041015625 0.03143310546875
0 0.62578125 0.1859375 0.035986328125 0.0374267578125
0 0.63515625 0.2140625 0.0359375 0.0345703125
0 0.70703125 0.18984375 0.032763671875 0.032763671875
0 0.7625 0.19375 0.0314453125 0.0343994140625
0 0.7109375 0.21015625 0.0343505859375 0.0328857421875
0 0.78984375 0.21484375 0.03907470703125 0.0390625
0 0.04140625 0.20625 0.02978515625 0.0311767578125
0 0.1125 0.2109375 0.0375 0.0375244140625
0 0.0453125 0.80859375 0.0217041015625 0.0203369140625
0 0.07890625 0.8140625 0.0234375 0.0220703125
0 0.128125 0.81484375 0.01873779296875 0.01875
0 0.1734375 0.8125 0.02188720703125 0.01876220703125
0 0.21015625 0.815625 0.025 0.0156494140625
0 0.23125 0.82265625 0.0248291015625 0.02357177734375
0 0.27265625 0.815625 0.023388671875 0.0219970703125
0 0.31328125 0.8171875 0.0234375 0.0220458984375
0 0.3546875 0.8125 0.01883544921875 0.01883544921875
0 0.3953125 0.8140625 0.02822265625 0.0281982421875
0 0.4390625 0.81875 0.02205810546875 0.02481689453125
0 0.48125 0.81796875 0.0218994140625 0.023291015625
0 0.5203125 0.81796875 0.0218017578125 0.0203857421875
0 0.55078125 0.81796875 0.01724853515625 0.017236328125
0 0.17265625 0.87734375 0.0295166015625 0.029541015625
0 0.24140625 0.87890625 0.0265869140625 0.026611328125
0 0.32265625 0.87734375 0.02664794921875 0.02667236328125
0 0.38515625 0.87578125 0.02353515625 0.02353515625
0 0.44296875 0.88125 0.02978515625 0.0311279296875
0 0.48125 0.88125 0.0313720703125 0.0250732421875
0 0.5390625 0.88125 0.031298828125 0.0312255859375
0 0.56640625 0.8828125 0.0296875 0.0248779296875
0 0.59375 0.81640625 0.0250732421875 0.01875
0 0.6390625 0.8140625 0.02197265625 0.0219970703125
0 0.67734375 0.81875 0.0265380859375 0.015478515625
0 0.7109375 0.8125 0.0281982421875 0.0189208984375
0 0.73984375 0.81796875 0.020361328125 0.02034912109375
0 0.79609375 0.81640625 0.02041015625 0.02041015625
0 0.83671875 0.82421875 0.021875 0.02039794921875
0 0.87734375 0.815625 0.02337646484375 0.02191162109375
0 0.91484375 0.8109375 0.01722412109375 0.01871337890625
0 0.95234375 0.8140625 0.017333984375 0.018798828125
0 0.6171875 0.88203125 0.02486572265625 0.023583984375
0 0.6765625 0.88515625 0.0314208984375 0.02041015625
0 0.7390625 0.88125 0.0249755859375 0.02509765625
0 0.8203125 0.8828125 0.02813720703125 0.028125
0 0.896875 0.8796875 0.0312744140625 0.03125
0 0.87421875 0.0953125 0.035791015625 0.034423828125
0 0.83046875 0.1921875 0.029638671875 0.0310791015625
0 0.86171875 0.21015625 0.0390625 0.02657470703125
0 0.93125 0.18359375 0.0311767578125 0.029736328125
0 0.9375 0.20703125 0.02513427734375 0.026611328125
0 0.57578125 0.10546875 0.02978515625 0.0326416015625