0 0.4921875 0.396875 0.0685791015625 0.06856689453125
0 0.37734375 0.41484375 0.076708984375 0.076708984375
0 0.2921875 0.45234375 0.07821044921875 0.07039794921875
0 0.23828125 0.49140625 0.0826904296875 0.06708984375
0 0.1609375 0.51875 0.07177734375 0.0718017578125
0 0.54453125 0.371875 0.00474853515625 0.00618896484375
0 0.57421875 0.39921875 0.057763671875 0.0577880859375
0 0.65703125 0.43046875 0.06104736328125 0.05479736328125
0 0.68671875 0.47109375 0.0546875 0.04835205078125
0 0.76796875 0.484375 0.071875 0.06241455078125
0 0.85859375 0.521875 0.05771484375 0.0593017578125