0 0.4859375 0.51328125 0.06875 0.06640625
0 0.54140625 0.4484375 0.06875 0.0609375
0 0.3875 0.440625 0.078125 0.0515625
0 0.2140625 0.48359375 0.0640625 0.0609375
0 0.32421875 0.384375 0.053125 0.0515625
0 0.3859375 0.340625 0.046875 0.04140625
0 0.44453125 0.37890625 0.0578125 0.0515625
0 0.50703125 0.36171875 0.04921875 0.0359375
0 0.61015625 0.39296875 0.0421875 0.04453125
0 0.63359375 0.34296875 0.053125 0.03671875
0 0.7390625 0.39140625 0.06015625 0.05
0 0.6609375 0.44921875 0.08203125 0.059375