0 0.16015625 0.58125 0.06484375 0.05859375
0 0.84375 0.58671875 0.07734375 0.05859375
0 0.2328125 0.48203125 0.0453125 0.05546875
0 0.27421875 0.43984375 0.03828125 0.04375
0 0.39765625 0.42265625 0.0453125 0.0421875
0 0.36953125 0.4640625 0.04140625 0.03984375
0 0.29609375 0.5171875 0.0484375 0.046875
0 0.27421875 0.5625 0.0515625 0.0453125
0 0.23515625 0.609375 0.05703125 0.0515625
0 0.328125 0.60546875 0.05703125 0.05
0 0.3890625 0.54609375 0.0484375 0.0453125
0 0.43046875 0.53515625 0.0484375 0.046875
0 0.4640625 0.50078125 0.0484375 0.053125
0 0.48515625 0.453125 0.04296875 0.03984375
0 0.53515625 0.43125 0.03359375 0.0453125
0 0.6125 0.4546875 0.03828125 0.03984375
0 0.57890625 0.50703125 0.0515625 0.04140625
0 0.5171875 0.5578125 0.0515625 0.05859375
0 0.46796875 0.60625 0.06328125 0.0515625
0 0.59140625 0.5796875 0.05703125 0.05546875
0 0.640625 0.58671875 0.0484375 0.04765625
0 0.70390625 0.58828125 0.0546875 0.05
0 0.68046875 0.53203125 0.06484375 0.04765625
0 0.64609375 0.39765625 0.03828125 0.03671875
0 0.7046875 0.44375 0.03671875 0.0359375
0 0.75 0.47734375 0.06328125 0.046875
0 0.759375 0.53671875 0.0546875 0.04765625
0 0.771875 0.58671875 0.06015625 0.0625