0 0.096875 0.22734375 0.13424072265625 0.13277587890625
0 0.19375 0.35859375 0.118896484375 0.12015380859375
0 0.27109375 0.184375 0.1014892578125 0.12197265625
0 0.45078125 0.159375 0.08905029296875 0.12830810546875
0 0.37890625 0.30234375 0.1111083984375 0.1140869140625
0 0.31953125 0.56328125 0.10450439453125 0.10164794921875
0 0.565625 0.46171875 0.09073486328125 0.090625
0 0.60859375 0.31015625 0.10159912109375 0.101611328125
0 0.72109375 0.20625 0.10765380859375 0.10621337890625
0 0.84765625 0.26171875 0.09549560546875 0.09844970703125
0 0.95078125 0.2453125 0.0984375 0.109375