0 0.1109375 0.20703125 0.07421875 0.10703125
0 0.21484375 0.15625 0.06640625 0.11484375
0 0.0984375 0.384375 0.06875 0.12265625
0 0.2359375 0.35234375 0.05859375 0.1046875
0 0.325 0.1515625 0.0484375 0.09375
0 0.36875 0.196875 0.06640625 0.12265625
0 0.33203125 0.3640625 0.0546875 0.1171875
0 0.2484375 0.5109375 0.0859375 0.140625
0 0.521875 0.11328125 0.05078125 0.09140625
0 0.5265625 0.2359375 0.0484375 0.09609375
0 0.46875 0.35625 0.046875 0.1125
0 0.38671875 0.5828125 0.078125 0.14375
0 0.521875 0.58671875 0.0703125 0.125
0 0.58125 0.296875 0.0453125 0.09921875
0 0.675 0.190625 0.053125 0.09921875
0 0.6953125 0.103125 0.046875 0.10703125
0 0.78984375 0.20859375 0.05625 0.1046875
0 0.8484375 0.1328125 0.05625 0.125
0 0.66875 0.57265625 0.071875 0.1125
0 0.778125 0.5359375 0.0640625 0.1328125
0 0.96640625 0.43828125 0.0671875 0.1328125
0 0.7 0.27890625 0.05625 0.09375