0 0.75234375 0.321875 0.0703125 0.08046875
0 0.6 0.2125 0.06171875 0.09140625
0 0.675 0.40859375 0.0625 0.0921875
0 0.609375 0.34375 0.05625 0.07578125
0 0.546875 0.38984375 0.06171875 0.08984375
0 0.5453125 0.52734375 0.05859375 0.08203125
0 0.47109375 0.3546875 0.05234375 0.071875
0 0.48359375 0.16875 0.05703125 0.084375
0 0.39921875 0.21875 0.065625 0.08828125
0 0.4015625 0.40390625 0.06171875 0.08046875
0 0.39609375 0.5390625 0.05859375 0.0875
0 0.3359375 0.37421875 0.06640625 0.07421875
0 0.2640625 0.41953125 0.06640625 0.09375