0 0.16171875 0.16953125 0.064208984375 0.064208984375
0 0.26484375 0.19921875 0.0703125 0.0703125
0 0.34921875 0.2078125 0.057958984375 0.05933837890625
0 0.475 0.146875 0.071923828125 0.071875
0 0.59609375 0.17421875 0.05450439453125 0.05450439453125
0 0.66171875 0.21796875 0.061083984375 0.061083984375
0 0.77265625 0.17734375 0.05791015625 0.0579345703125
0 0.85 0.20546875 0.0688232421875 0.07021484375
0 0.134375 0.6140625 0.0626220703125 0.05606689453125
0 0.265625 0.6078125 0.0689208984375 0.0716796875
0 0.37734375 0.65078125 0.06728515625 0.0578369140625
0 0.50234375 0.64140625 0.0703369140625 0.0703125
0 0.65 0.61640625 0.05927734375 0.05460205078125
0 0.83828125 0.60703125 0.0701416015625 0.06875