0 0.87734375 0.55546875 0.0421875 0.04375
0 0.84765625 0.49765625 0.040625 0.04375
0 0.809375 0.3890625 0.0390625 0.03828125
0 0.7828125 0.5296875 0.03359375 0.03984375
0 0.171875 0.40546875 0.03359375 0.034375
0 0.1640625 0.45703125 0.03203125 0.03203125
0 0.13828125 0.53828125 0.0359375 0.03828125
0 0.2265625 0.5265625 0.0421875 0.04375
0 0.27734375 0.3984375 0.03203125 0.03828125
0 0.3328125 0.53125 0.03828125 0.03828125
0 0.3578125 0.603125 0.040625 0.04921875
0 0.41875 0.53125 0.03984375 0.04140625
0 0.421875 0.59296875 0.03359375 0.03828125
0 0.5046875 0.54453125 0.03359375 0.03046875
0 0.56640625 0.628125 0.03359375 0.03046875
0 0.578125 0.52265625 0.03671875 0.04140625
0 0.6921875 0.51953125 0.040625 0.034375
0 0.34453125 0.4203125 0.02734375 0.028125
0 0.415625 0.3984375 0.03125 0.0328125
0 0.47578125 0.38125 0.0296875 0.0328125
0 0.596875 0.40234375 0.02734375 0.034375
0 0.6765625 0.39609375 0.03203125 0.02890625
0 0.73671875 0.41484375 0.0234375 0.0265625