0 0.16484375 0.50390625 0.1015625 0.071875
0 0.4046875 0.49453125 0.081298828125 0.08275146484375
0 0.60703125 0.478125 0.11405029296875 0.06573486328125
0 0.8671875 0.48125 0.0970458984375 0.0970458984375
0 0.12578125 0.09921875 0.0421875 0.02666015625
0 0.18671875 0.103125 0.0421875 0.02509765625
0 0.2484375 0.11484375 0.0282958984375 0.029736328125
0 0.31015625 0.109375 0.03275146484375 0.031298828125
0 0.3625 0.1109375 0.03125 0.031298828125
0 0.4296875 0.109375 0.0439208984375 0.0279541015625
0 0.4921875 0.11640625 0.02513427734375 0.02662353515625
0 0.64140625 0.1046875 0.02666015625 0.025146484375
0 0.70234375 0.10859375 0.034375 0.0203125
0 0.76015625 0.1078125 0.0391357421875 0.0218994140625
0 0.81015625 0.1046875 0.03271484375 0.03125
0 0.134375 0.19375 0.03116455078125 0.03116455078125
0 0.20390625 0.18359375 0.0359375 0.02957763671875
0 0.27421875 0.1828125 0.0328125 0.0343017578125
0 0.190625 0.2109375 0.0406982421875 0.0250732421875
0 0.28203125 0.2140625 0.0296142578125 0.028173828125
0 0.346875 0.18828125 0.031201171875 0.032666015625
0 0.38046875 0.21484375 0.03299560546875 0.034375
0 0.4265625 0.19375 0.0343017578125 0.03427734375
0 0.50546875 0.190625 0.03583984375 0.02822265625
0 0.471875 0.2140625 0.0343505859375 0.0373291015625
0 0.56328125 0.18984375 0.0357666015625 0.034375
0 0.5515625 0.2125 0.0313720703125 0.03133544921875
0 0.62578125 0.1859375 0.040625 0.0312255859375
0 0.63515625 0.2140625 0.0359375 0.0345703125
0 0.70703125 0.18984375 0.0390625 0.0265625
0 0.7625 0.19375 0.034375 0.0373291015625
0 0.7109375 0.21015625 0.0373779296875 0.0359130859375
0 0.78984375 0.21484375 0.0388916015625 0.0375
0 0.04140625 0.20625 0.02958984375 0.02823486328125
0 0.1125 0.2109375 0.04072265625 0.0282470703125
0 0.0453125 0.80859375 0.0219482421875 0.0173583984375
0 0.07890625 0.8140625 0.0234375 0.0220703125
0 0.128125 0.81484375 0.01873779296875 0.01875
0 0.1734375 0.8125 0.02198486328125 0.02198486328125
0 0.21015625 0.815625 0.021875 0.02198486328125
0 0.23125 0.82265625 0.0249755859375 0.02030029296875
0 0.27265625 0.815625 0.023583984375 0.02484130859375
0 0.31328125 0.8171875 0.02646484375 0.0188232421875
0 0.3546875 0.8125 0.0188232421875 0.0188232421875
0 0.3953125 0.8140625 0.028125 0.02811279296875
0 0.4390625 0.81875 0.0220458984375 0.0248291015625
0 0.48125 0.81796875 0.0219970703125 0.023291015625
0 0.5203125 0.81796875 0.02191162109375 0.02330322265625
0 0.55078125 0.81796875 0.01715087890625 0.017138671875
0 0.17265625 0.87734375 0.0295166015625 0.029541015625
0 0.24140625 0.87890625 0.02650146484375 0.026513671875
0 0.32265625 0.87734375 0.0327880859375 0.0203369140625
0 0.38515625 0.87578125 0.0296875 0.02041015625
0 0.44296875 0.88125 0.028125 0.0281005859375
0 0.48125 0.88125 0.03419189453125 0.02801513671875
0 0.5390625 0.88125 0.0282470703125 0.02821044921875
0 0.56640625 0.8828125 0.0265625 0.02518310546875
0 0.59375 0.81640625 0.0218994140625 0.020458984375
0 0.6390625 0.8140625 0.02197265625 0.0219970703125
0 0.67734375 0.81875 0.02034912109375 0.0189208984375
0 0.7109375 0.8125 0.02830810546875 0.02176513671875
0 0.73984375 0.81796875 0.020458984375 0.02044677734375
0 0.79609375 0.81640625 0.0265625 0.01728515625
0 0.83671875 0.82421875 0.021875 0.02039794921875
0 0.87734375 0.815625 0.0233642578125 0.0218994140625
0 0.91484375 0.8109375 0.01732177734375 0.01881103515625
0 0.95234375 0.8140625 0.02041015625 0.0158203125
0 0.6171875 0.88203125 0.02794189453125 0.02333984375
0 0.6765625 0.88515625 0.03143310546875 0.021875
0 0.7390625 0.88125 0.03133544921875 0.01865234375
0 0.8203125 0.8828125 0.0344970703125 0.02177734375
0 0.896875 0.8796875 0.0312744140625 0.03125
0 0.87421875 0.0953125 0.032958984375 0.034228515625
0 0.83046875 0.1921875 0.026611328125 0.0280517578125
0 0.86171875 0.21015625 0.029736328125 0.02974853515625
0 0.93125 0.18359375 0.0342041015625 0.032763671875
0 0.9375 0.20703125 0.03123779296875 0.0203125
0 0.57578125 0.10546875 0.02978515625 0.03262939453125