0 0.02109375 0.4265625 0.0421875 0.046875
0 0.11015625 0.39765625 0.05478515625 0.05477294921875
0 0.2 0.44453125 0.047021484375 0.04847412109375
0 0.3203125 0.36484375 0.04697265625 0.07960205078125
0 0.375 0.44765625 0.075 0.07353515625
0 0.47734375 0.41875 0.0640625 0.1218017578125
0 0.55 0.4125 0.04072265625 0.04072265625
0 0.63828125 0.34453125 0.063916015625 0.063916015625
0 0.77109375 0.40234375 0.0515625 0.05157470703125
0 0.87265625 0.37265625 0.054833984375 0.054833984375
0 0.98046875 0.43203125 0.0390625 0.0703125