0 0.05 0.40625 0.0406005859375 0.040625
0 0.10390625 0.390625 0.03896484375 0.04384765625
0 0.95078125 0.39375 0.05458984375 0.05322265625
0 0.88125 0.3921875 0.05615234375 0.05625
0 0.81875 0.371875 0.05009765625 0.05009765625
0 0.16953125 0.39375 0.04375 0.04375
0 0.196875 0.43203125 0.04068603515625 0.039208984375
0 0.24765625 0.434375 0.02646484375 0.05625
0 0.29453125 0.43828125 0.02039794921875 0.05155029296875
0 0.34453125 0.4375 0.045166015625 0.043896484375
0 0.4125 0.4171875 0.05625 0.0533203125
0 0.43203125 0.4015625 0.05458984375 0.08759765625
0 0.5515625 0.4046875 0.0469482421875 0.04697265625
0 0.6015625 0.39140625 0.04066162109375 0.04212646484375
0 0.659375 0.409375 0.04080810546875 0.0407958984375
0 0.71328125 0.40390625 0.0420166015625 0.042041015625
0 0.7609375 0.38828125 0.0281494140625 0.0546630859375