0 0.8953125 0.21484375 0.053076171875 0.0545654296875
0 0.85078125 0.14765625 0.04833984375 0.04549560546875
0 0.83671875 0.3359375 0.05162353515625 0.05013427734375
0 0.459375 0.18828125 0.05316162109375 0.05172119140625
0 0.56640625 0.134375 0.0451904296875 0.0438720703125
0 0.34453125 0.22109375 0.04522705078125 0.04522705078125
0 0.25625 0.31953125 0.0564453125 0.05458984375
0 0.40390625 0.290625 0.051416015625 0.0499755859375
0 0.25546875 0.428125 0.0545166015625 0.053076171875
0 0.334375 0.415625 0.053125 0.05001220703125
0 0.0796875 0.56015625 0.0562744140625 0.0548095703125
0 0.16953125 0.60625 0.0516845703125 0.0530029296875
0 0.3171875 0.60859375 0.05611572265625 0.054638671875
0 0.25390625 0.4984375 0.059375 0.0593994140625
0 0.5140625 0.36640625 0.0593505859375 0.0578369140625
0 0.61015625 0.353125 0.054541015625 0.05325927734375
0 0.6921875 0.62578125 0.0687255859375 0.05174560546875
0 0.7671875 0.59296875 0.06234130859375 0.060888671875
0 0.725 0.528125 0.0656494140625 0.05946044921875
0 0.8203125 0.48984375 0.065478515625 0.06422119140625
0 0.7609375 0.37890625 0.0594970703125 0.059375
0 0.77734375 0.2625 0.0453125 0.0439208984375
0 0.6859375 0.165625 0.04669189453125 0.04373779296875