0 0.07734375 0.43046875 0.0515625 0.07039794921875
0 0.12578125 0.54453125 0.05771484375 0.0577392578125
0 0.22265625 0.4890625 0.05 0.0685791015625
0 0.18984375 0.42265625 0.051708984375 0.05172119140625
0 0.1359375 0.353125 0.04365234375 0.0564453125
0 0.15234375 0.2953125 0.0515625 0.052978515625
0 0.2140625 0.36796875 0.0408203125 0.0579345703125
0 0.30546875 0.415625 0.0485107421875 0.047021484375
0 0.2234375 0.30234375 0.056396484375 0.05784912109375
0 0.17578125 0.2421875 0.054736328125 0.0561279296875
0 0.21171875 0.2078125 0.0486083984375 0.0500732421875
0 0.25078125 0.1765625 0.05172119140625 0.052978515625
0 0.25078125 0.23671875 0.060791015625 0.06077880859375
0 0.30703125 0.20546875 0.02969970703125 0.06092529296875
0 0.35078125 0.159375 0.04547119140625 0.046826171875
0 0.29921875 0.2859375 0.04527587890625 0.0438232421875
0 0.29296875 0.340625 0.04840087890625 0.04700927734375
0 0.33671875 0.259375 0.057666015625 0.05631103515625
0 0.38984375 0.32734375 0.0578125 0.0578125
0 0.375 0.4140625 0.0564453125 0.0591796875
0 0.40234375 0.26953125 0.05162353515625 0.051611328125
0 0.38515625 0.2234375 0.0454345703125 0.046826171875
0 0.40625 0.18125 0.04053955078125 0.0375732421875
0 0.42890625 0.1484375 0.0359619140625 0.0375
0 0.47734375 0.2015625 0.051513671875 0.050048828125
0 0.4953125 0.14140625 0.04068603515625 0.03922119140625
0 0.45078125 0.23984375 0.03272705078125 0.05450439453125
0 0.484375 0.31953125 0.0375732421875 0.05771484375
0 0.44609375 0.36796875 0.0515869140625 0.0515380859375
0 0.53828125 0.37265625 0.0513916015625 0.0486083984375
0 0.51015625 0.259375 0.03907470703125 0.0593505859375
0 0.53984375 0.22890625 0.03277587890625 0.032763671875
0 0.53984375 0.1671875 0.0327392578125 0.0561279296875
0 0.565625 0.14296875 0.04046630859375 0.039208984375
0 0.571875 0.2125 0.0343505859375 0.043896484375
0 0.5703125 0.27109375 0.0281982421875 0.0453369140625
0 0.58671875 0.32265625 0.03905029296875 0.03907470703125
0 0.615625 0.1484375 0.0375732421875 0.0375732421875
0 0.65859375 0.13828125 0.03585205078125 0.03582763671875
0 0.628125 0.1984375 0.03436279296875 0.0436767578125
0 0.62421875 0.26015625 0.04217529296875 0.04512939453125
0 0.653125 0.29453125 0.03438720703125 0.06407470703125
0 0.621875 0.378125 0.03768310546875 0.07508544921875
0 0.690625 0.3703125 0.0531494140625 0.053125
0 0.6984375 0.45546875 0.0563720703125 0.05777587890625
0 0.7140625 0.275 0.05321044921875 0.0532470703125
0 0.69453125 0.1671875 0.02950439453125 0.05330810546875
0 0.7359375 0.21796875 0.04066162109375 0.04212646484375
0 0.77578125 0.18515625 0.0452880859375 0.0453369140625
0 0.77421875 0.25390625 0.04237060546875 0.04375
0 0.815625 0.221875 0.0407958984375 0.053076171875
0 0.81328125 0.2890625 0.040625 0.06259765625
0 0.746875 0.3171875 0.0376220703125 0.05936279296875
0 0.7765625 0.396875 0.0470703125 0.0470458984375
0 0.834375 0.34453125 0.05009765625 0.05
0 0.86953125 0.26328125 0.02967529296875 0.0703125
0 0.915625 0.23515625 0.056396484375 0.0576904296875
0 0.92109375 0.31484375 0.05791015625 0.0578857421875
0 0.86328125 0.40625 0.057861328125 0.056396484375
0 0.79609375 0.46953125 0.0484375 0.06102294921875
0 0.8796875 0.559375 0.06259765625 0.06258544921875
0 0.9296875 0.48359375 0.0654296875 0.0640625