0 0.92109375 0.13125 0.04609375 0.02578125
0 0.8421875 0.1296875 0.03828125 0.02890625
0 0.74453125 0.04765625 0.03828125 0.0265625
0 0.771875 0.134375 0.04921875 0.02890625
0 0.728125 0.190625 0.04609375 0.034375
0 0.68671875 0.1296875 0.04609375 0.03203125
0 0.65625 0.05 0.03359375 0.0234375
0 0.590625 0.0484375 0.04140625 0.025
0 0.6359375 0.090625 0.03125 0.025
0 0.5828125 0.1015625 0.03828125 0.02265625
0 0.5953125 0.13515625 0.04296875 0.0328125
0 0.528125 0.04921875 0.028125 0.02265625
0 0.5 0.10234375 0.03359375 0.028125
0 0.5078125 0.13203125 0.04921875 0.0296875
0 0.43359375 0.13515625 0.04296875 0.0265625
0 0.434375 0.09765625 0.04453125 0.025
0 0.44765625 0.05390625 0.03671875 0.0265625
0 0.3734375 0.0453125 0.03671875 0.02890625
0 0.2921875 0.0375 0.03203125 0.0265625
0 0.2265625 0.03984375 0.04609375 0.03125
0 0.36484375 0.09296875 0.03515625 0.02421875
0 0.30546875 0.0875 0.03359375 0.028125
0 0.35078125 0.13046875 0.03515625 0.02890625
0 0.275 0.128125 0.04296875 0.028125
0 0.21328125 0.1296875 0.03984375 0.025
0 0.57734375 0.19453125 0.04609375 0.03359375
0 0.403125 0.19765625 0.05234375 0.034375
0 0.20390625 0.196875 0.05546875 0.03671875
0 0.840625 0.3953125 0.04765625 0.0265625
0 0.765625 0.36640625 0.04609375 0.03046875
0 0.7015625 0.3609375 0.04140625 0.0296875
0 0.6265625 0.36484375 0.04609375 0.034375
0 0.7515625 0.41640625 0.05234375 0.03671875
0 0.825 0.4578125 0.05078125 0.028125
0 0.73046875 0.46171875 0.04453125 0.034375
0 0.6546875 0.41875 0.04921875 0.03203125
0 0.62890625 0.459375 0.05078125 0.03125
0 0.77421875 0.54140625 0.06328125 0.040625
0 0.6578125 0.5390625 0.04140625 0.04140625
0 0.53828125 0.365625 0.03984375 0.0359375
0 0.5046875 0.525 0.05234375 0.0359375
0 0.3609375 0.5328125 0.05546875 0.03359375
0 0.1859375 0.5265625 0.05703125 0.03828125
0 0.90234375 0.80078125 0.05703125 0.03046875
0 0.8296875 0.79921875 0.03828125 0.03046875
0 0.73671875 0.721875 0.03515625 0.025
0 0.7671875 0.8046875 0.03984375 0.02578125
0 0.7078125 0.85 0.05078125 0.04375
0 0.675 0.79765625 0.03828125 0.025
0 0.66171875 0.721875 0.03359375 0.021875
0 0.646875 0.76328125 0.03984375 0.02265625
0 0.59296875 0.71953125 0.03671875 0.0265625