0 0.11953125 0.28203125 0.101513671875 0.10152587890625
0 0.1171875 0.4140625 0.08114013671875 0.11856689453125
0 0.2 0.39375 0.07803955078125 0.0780517578125
0 0.2328125 0.28046875 0.0906005859375 0.0891357421875
0 0.30234375 0.28984375 0.0517333984375 0.096875
0 0.35 0.23984375 0.04071044921875 0.08291015625
0 0.4 0.2859375 0.068701171875 0.0687255859375
0 0.40625 0.3625 0.04998779296875 0.090625
0 0.46328125 0.3796875 0.0640625 0.0626708984375
0 0.46171875 0.27265625 0.0702392578125 0.070263671875
0 0.49140625 0.19609375 0.0486083984375 0.0986083984375
0 0.5546875 0.20390625 0.05294189453125 0.11103515625
0 0.56640625 0.35 0.07021484375 0.06884765625
0 0.65859375 0.2671875 0.02978515625 0.0875
0 0.70078125 0.253125 0.079833984375 0.081298828125
0 0.771875 0.25703125 0.0813720703125 0.08125
0 0.87265625 0.2328125 0.07353515625 0.115673828125
0 0.72109375 0.3828125 0.0828125 0.10928955078125
0 0.653125 0.465625 0.08123779296875 0.08125