0 0.80390625 0.446875 0.04140625 0.06875
0 0.20546875 0.4625 0.0359375 0.0625
0 0.2546875 0.434375 0.0375 0.06875
0 0.3109375 0.5875 0.03359375 0.07109375
0 0.396875 0.45234375 0.03203125 0.05390625
0 0.37265625 0.621875 0.02890625 0.06484375
0 0.41328125 0.58203125 0.034375 0.07265625
0 0.44140625 0.4375 0.028125 0.05390625
0 0.50625 0.41640625 0.0375 0.07109375
0 0.50703125 0.596875 0.03359375 0.06015625
0 0.56171875 0.59296875 0.034375 0.06484375
0 0.5671875 0.43125 0.02890625 0.05859375
0 0.61015625 0.46953125 0.03203125 0.06015625
0 0.634375 0.61875 0.04140625 0.075
0 0.6859375 0.59296875 0.0390625 0.07734375
0 0.73984375 0.440625 0.034375 0.07265625