0 0.0640625 0.05234375 0.0343994140625 0.035888671875
0 0.2984375 0.05234375 0.02510986328125 0.025
0 0.525 0.04609375 0.0374755859375 0.0388916015625
0 0.6765625 0.0453125 0.0342529296875 0.0281005859375
0 0.91328125 0.07109375 0.03587646484375 0.035888671875
0 0.10546875 0.17109375 0.02662353515625 0.026611328125
0 0.31171875 0.1828125 0.0327392578125 0.031298828125
0 0.51171875 0.17265625 0.02979736328125 0.02957763671875
0 0.6625 0.16875 0.031396484375 0.03134765625
0 0.8875 0.17890625 0.0314208984375 0.0295654296875
0 0.1 0.29375 0.0405029296875 0.0405517578125
0 0.28125 0.29140625 0.0405029296875 0.03916015625
0 0.496875 0.27734375 0.03448486328125 0.02352294921875
0 0.74453125 0.2984375 0.0359130859375 0.0373291015625
0 0.8625 0.2765625 0.0407470703125 0.03115234375
0 0.0796875 0.4171875 0.03768310546875 0.02811279296875
0 0.29453125 0.44609375 0.04210205078125 0.03914794921875
0 0.4953125 0.421875 0.0375244140625 0.0375
0 0.64921875 0.42734375 0.04207763671875 0.04207763671875
0 0.95390625 0.4234375 0.04541015625 0.0313720703125
0 0.07734375 0.52578125 0.0328369140625 0.0328369140625
0 0.3078125 0.54453125 0.03756103515625 0.039013671875
0 0.45703125 0.546875 0.0389892578125 0.0312255859375
0 0.69140625 0.54296875 0.0297119140625 0.029736328125
0 0.93671875 0.546875 0.0486083984375 0.0282958984375
0 0.30078125 0.6625 0.0233642578125 0.021923828125
0 0.746875 0.7046875 0.03426513671875 0.03426513671875
0 0.92109375 0.67109375 0.04227294921875 0.04228515625
0 0.07109375 0.79609375 0.0326416015625 0.03125
0 0.29921875 0.80234375 0.029833984375 0.029833984375
0 0.5015625 0.79453125 0.0282470703125 0.02974853515625
0 0.70625 0.78828125 0.02813720703125 0.0265625
0 0.9109375 0.8 0.0343994140625 0.03427734375
0 0.05546875 0.90859375 0.0360107421875 0.0266357421875
0 0.2734375 0.925 0.0314208984375 0.0314208984375
0 0.48828125 0.96328125 0.03282470703125 0.03282470703125
0 0.73125 0.921875 0.0313232421875 0.0313720703125
0 0.95078125 0.9171875 0.0453125 0.0376220703125
0 0.50546875 0.66796875 0.0327880859375 0.0329345703125
0 0.07578125 0.65234375 0.032958984375 0.032958984375