0 0.07265625 0.278125 0.076611328125 0.0751708984375
0 0.065625 0.3796875 0.05303955078125 0.0873291015625
0 0.23515625 0.34765625 0.08284912109375 0.082861328125
0 0.209375 0.440625 0.0625 0.0625244140625
0 0.34296875 0.365625 0.05458984375 0.05322265625
0 0.378125 0.35625 0.0689453125 0.07169189453125
0 0.47578125 0.3296875 0.08294677734375 0.0843994140625
0 0.60390625 0.3046875 0.0736083984375 0.074853515625
0 0.49609375 0.43515625 0.06103515625 0.06103515625
0 0.62734375 0.41953125 0.0703125 0.0703369140625
0 0.76171875 0.3515625 0.079541015625 0.078271484375
0 0.93125 0.31328125 0.08441162109375 0.085888671875
0 0.971875 0.44296875 0.0438232421875 0.07032470703125
0 0.85859375 0.46796875 0.05458984375 0.078125
0 0.6875 0.453125 0.0595458984375 0.0623046875