0 0.0640625 0.05234375 0.0343505859375 0.02978515625
0 0.2984375 0.05234375 0.02794189453125 0.02353515625
0 0.525 0.04609375 0.04044189453125 0.03582763671875
0 0.6765625 0.0453125 0.02811279296875 0.02811279296875
0 0.91328125 0.07109375 0.0357666015625 0.035791015625
0 0.10546875 0.17109375 0.02955322265625 0.029541015625
0 0.31171875 0.1828125 0.03299560546875 0.0341796875
0 0.51171875 0.17265625 0.0296142578125 0.0266357421875
0 0.6625 0.16875 0.0312744140625 0.03125
0 0.8875 0.17890625 0.03118896484375 0.03265380859375
0 0.1 0.29375 0.043798828125 0.031396484375
0 0.28125 0.29140625 0.04061279296875 0.040625
0 0.496875 0.27734375 0.0373291015625 0.0265380859375
0 0.74453125 0.2984375 0.0360595703125 0.0313232421875
0 0.8625 0.2765625 0.0343994140625 0.034375
0 0.0796875 0.4171875 0.0314208984375 0.0314208984375
0 0.29453125 0.44609375 0.05479736328125 0.02674560546875
0 0.4953125 0.421875 0.0405517578125 0.04052734375
0 0.64921875 0.42734375 0.0486083984375 0.0359130859375
0 0.95390625 0.4234375 0.0390625 0.0405517578125
0 0.07734375 0.52578125 0.03292236328125 0.03292236328125
0 0.3078125 0.54453125 0.03765869140625 0.039111328125
0 0.45703125 0.546875 0.03887939453125 0.03114013671875
0 0.69140625 0.54296875 0.0298095703125 0.029833984375
0 0.93671875 0.546875 0.04862060546875 0.02821044921875
0 0.30078125 0.6625 0.0233642578125 0.021923828125
0 0.746875 0.7046875 0.0342529296875 0.0342529296875
0 0.92109375 0.67109375 0.04227294921875 0.04228515625
0 0.07109375 0.79609375 0.0297119140625 0.0296875
0 0.29921875 0.80234375 0.029638671875 0.029638671875
0 0.5015625 0.79453125 0.0312744140625 0.03267822265625
0 0.70625 0.78828125 0.02813720703125 0.0265625
0 0.9109375 0.8 0.03438720703125 0.0314453125
0 0.05546875 0.90859375 0.0327880859375 0.0327880859375
0 0.2734375 0.925 0.0374755859375 0.0249755859375
0 0.48828125 0.96328125 0.0391845703125 0.0263916015625
0 0.73125 0.921875 0.0342529296875 0.0343017578125
0 0.95078125 0.9171875 0.0421875 0.0343994140625
0 0.50546875 0.66796875 0.0327880859375 0.0329345703125
0 0.07578125 0.65234375 0.0421875 0.0265625