0 0.12109375 0.12109375 0.24140625 0.2421875
0 0.37578125 0.12109375 0.2015625 0.2421875
0 0.621875 0.121875 0.196875 0.24375
0 0.8734375 0.12890625 0.19140625 0.24765625
0 0.12109375 0.37109375 0.21484375 0.23125
0 0.371875 0.37734375 0.21484375 0.24453125
0 0.61875 0.37109375 0.19765625 0.22578125
0 0.8765625 0.37890625 0.2109375 0.23125
0 0.11875 0.63046875 0.23125 0.24453125
0 0.38046875 0.6140625 0.225 0.2125
0 0.63203125 0.62734375 0.2109375 0.228125
0 0.88203125 0.61953125 0.22109375 0.24453125
0 0.12109375 0.875 0.22109375 0.228125
0 0.38046875 0.875 0.21796875 0.2390625
0 0.6234375 0.87890625 0.21484375 0.2203125
0 0.88046875 0.88046875 0.2109375 0.2390625