0 0.48828125 0.615625 0.1048095703125 0.1062255859375
0 0.696875 0.60546875 0.11552734375 0.1234375
0 0.9359375 0.40859375 0.1155029296875 0.13583984375
0 0.7796875 0.37109375 0.12486572265625 0.12357177734375
0 0.5890625 0.35078125 0.10948486328125 0.1234375
0 0.4734375 0.35625 0.09393310546875 0.12198486328125
0 0.4 0.3453125 0.0873291015625 0.087353515625
0 0.334375 0.365625 0.08419189453125 0.12169189453125
0 0.2390625 0.4640625 0.0936767578125 0.0906982421875
0 0.12421875 0.459375 0.1017333984375 0.1001953125
0 0.065625 0.64921875 0.1125244140625 0.16728515625
0 0.3359375 0.5359375 0.09393310546875 0.12198486328125