0 0.184375 0.040625 0.04364013671875 0.04384765625
0 0.44375 0.0515625 0.0499755859375 0.0499755859375
0 0.553125 0.05390625 0.0435791015625 0.0423583984375
0 0.75390625 0.07734375 0.0483154296875 0.0483642578125
0 0.11328125 0.22265625 0.0483154296875 0.048291015625
0 0.4640625 0.27890625 0.050146484375 0.0515869140625
0 0.6203125 0.23046875 0.0468505859375 0.0453369140625
0 0.771875 0.2421875 0.03758544921875 0.03446044921875
0 0.19296875 0.3234375 0.03271484375 0.0404541015625
0 0.31953125 0.4578125 0.04375 0.034423828125
0 0.5984375 0.39375 0.04052734375 0.0375732421875
0 0.8859375 0.396875 0.050048828125 0.0404541015625
0 0.61640625 0.54921875 0.05469970703125 0.04207763671875
0 0.34921875 0.57421875 0.04522705078125 0.04521484375
0 0.09921875 0.57421875 0.046875 0.046875
0 0.88671875 0.5796875 0.04541015625 0.043896484375
0 0.1046875 0.7640625 0.0408203125 0.04080810546875
0 0.415625 0.746875 0.07178955078125 0.04678955078125
0 0.565625 0.75703125 0.0438232421875 0.045263671875
0 0.77578125 0.75859375 0.04853515625 0.04208984375