0 0.48828125 0.615625 0.07578125 0.11640625
0 0.696875 0.60546875 0.109375 0.11875
0 0.9359375 0.40859375 0.10546875 0.128125
0 0.7796875 0.37109375 0.10390625 0.13515625
0 0.5890625 0.35078125 0.10703125 0.1203125
0 0.4734375 0.35625 0.08359375 0.11640625
0 0.4 0.3453125 0.06640625 0.0984375
0 0.334375 0.365625 0.07578125 0.11640625
0 0.2390625 0.4640625 0.06640625 0.10546875
0 0.12421875 0.459375 0.09296875 0.1109375
0 0.065625 0.64921875 0.1015625 0.1609375
0 0.3359375 0.5359375 0.08359375 0.11640625