0 0.9140625 0.309375 0.0624755859375 0.1126708984375
0 0.9171875 0.41015625 0.056103515625 0.07958984375
0 0.86484375 0.39140625 0.073388671875 0.073388671875
0 0.8046875 0.3359375 0.0781982421875 0.07823486328125
0 0.725 0.39765625 0.075 0.0734619140625
0 0.728125 0.68203125 0.05294189453125 0.08916015625
0 0.6296875 0.31953125 0.0718994140625 0.0733642578125
0 0.55859375 0.37578125 0.0766357421875 0.076611328125
0 0.5609375 0.50859375 0.0592041015625 0.05771484375
0 0.48515625 0.284375 0.06103515625 0.1156494140625
0 0.42734375 0.36953125 0.0703125 0.07020263671875
0 0.359375 0.62890625 0.0438720703125 0.09521484375
0 0.4515625 0.5984375 0.06241455078125 0.0624267578125
0 0.35390625 0.32890625 0.067333984375 0.067333984375
0 0.27890625 0.3671875 0.0701416015625 0.0688232421875
0 0.30234375 0.484375 0.04830322265625 0.04681396484375
0 0.18671875 0.353125 0.03592529296875 0.07811279296875
0 0.1203125 0.35390625 0.04375 0.0765625
0 0.071875 0.3328125 0.08428955078125 0.0814208984375