0 0.15703125 0.10390625 0.0483154296875 0.04833984375
0 0.2765625 0.05078125 0.0375732421875 0.0390380859375
0 0.2859375 0.1078125 0.03143310546875 0.03143310546875
0 0.3765625 0.0578125 0.04052734375 0.04052734375
0 0.52109375 0.05390625 0.0359130859375 0.0359619140625
0 0.621875 0.053125 0.0404541015625 0.0343017578125
0 0.7421875 0.04921875 0.034326171875 0.032958984375
0 0.4296875 0.103125 0.034423828125 0.03740234375
0 0.3359375 0.1875 0.04384765625 0.0438232421875
0 0.49921875 0.1890625 0.04537353515625 0.0438720703125
0 0.55625 0.1015625 0.0344970703125 0.03447265625
0 0.7015625 0.10078125 0.03741455078125 0.0359375
0 0.796875 0.1 0.0376220703125 0.0373779296875
0 0.64453125 0.18203125 0.045263671875 0.045263671875
0 0.23203125 0.37890625 0.0578369140625 0.0389404296875
0 0.1734375 0.39765625 0.04998779296875 0.03280029296875
0 0.29140625 0.3984375 0.03262939453125 0.02794189453125
0 0.15859375 0.45078125 0.04229736328125 0.02049560546875
0 0.26328125 0.4375 0.0452880859375 0.03125
0 0.35234375 0.3828125 0.0390625 0.03126220703125
0 0.3546875 0.415625 0.0438232421875 0.0438720703125
0 0.41640625 0.3984375 0.02962646484375 0.03111572265625
0 0.459375 0.36796875 0.04688720703125 0.0375
0 0.465625 0.440625 0.046826171875 0.040478515625
0 0.50859375 0.39765625 0.032861328125 0.0328857421875
0 0.57421875 0.3765625 0.03896484375 0.0376220703125
0 0.6046875 0.39609375 0.03753662109375 0.03902587890625
0 0.6703125 0.378125 0.0407958984375 0.04080810546875
0 0.71796875 0.38984375 0.034375 0.0296630859375
0 0.65859375 0.40703125 0.04219970703125 0.0421875
0 0.79453125 0.38125 0.042138671875 0.0406494140625
0 0.75234375 0.41796875 0.0483154296875 0.0484619140625
0 0.86015625 0.434375 0.046875 0.0343994140625
0 0.89375 0.515625 0.04373779296875 0.0437744140625
0 0.7578125 0.515625 0.043603515625 0.043603515625
0 0.62734375 0.5109375 0.0454833984375 0.046923828125
0 0.52890625 0.5203125 0.053125 0.0531005859375
0 0.3953125 0.51953125 0.0499267578125 0.048583984375
0 0.25703125 0.5234375 0.04833984375 0.0469970703125
0 0.08984375 0.5078125 0.06397705078125 0.04385986328125
0 0.56796875 0.43828125 0.03914794921875 0.03914794921875
0 0.2765625 0.7328125 0.043798828125 0.043701171875
0 0.3421875 0.740625 0.0313720703125 0.0313232421875
0 0.4390625 0.7421875 0.03436279296875 0.03436279296875
0 0.5296875 0.73828125 0.0314208984375 0.032861328125
0 0.61875 0.73203125 0.03441162109375 0.03587646484375
0 0.72734375 0.725 0.0359130859375 0.0343994140625
0 0.23828125 0.78046875 0.04229736328125 0.0421875
0 0.328125 0.7890625 0.0405029296875 0.04072265625
0 0.45859375 0.79609375 0.04844970703125 0.04844970703125
0 0.515625 0.8109375 0.05936279296875 0.0467529296875
0 0.61796875 0.784375 0.05155029296875 0.04073486328125
0 0.70546875 0.7734375 0.0515625 0.05302734375
0 0.79765625 0.7734375 0.0485107421875 0.047021484375