0 0.43828125 0.05859375 0.064111328125 0.064111328125
0 0.2890625 0.17421875 0.0498779296875 0.0579833984375
0 0.640625 0.284375 0.06239013671875 0.06251220703125
0 0.8546875 0.471875 0.0656982421875 0.06866455078125
0 0.61953125 0.5171875 0.0672607421875 0.065673828125
0 0.5078125 0.56328125 0.05 0.05478515625
0 0.4 0.55625 0.0530029296875 0.0593017578125
0 0.3171875 0.57421875 0.0593994140625 0.057958984375
0 0.225 0.58203125 0.053271484375 0.05474853515625
0 0.11171875 0.565625 0.051513671875 0.0500244140625
0 0.3171875 0.7265625 0.0655029296875 0.06553955078125