0 0.890625 0.37734375 0.0703125 0.065625
0 0.75390625 0.25625 0.0703125 0.0765625
0 0.784375 0.54296875 0.08359375 0.0765625
0 0.60546875 0.159375 0.06328125 0.05390625
0 0.21015625 0.18984375 0.06875 0.05703125
0 0.0859375 0.4171875 0.05390625 0.06640625
0 0.296875 0.39453125 0.05390625 0.05546875
0 0.2234375 0.55859375 0.06875 0.078125
0 0.48828125 0.4 0.05703125 0.06796875
0 0.45390625 0.1671875 0.05546875 0.06015625
0 0.4296875 0.55390625 0.05546875 0.07890625
0 0.596875 0.53828125 0.05390625 0.0625