0 0.15703125 0.10390625 0.04842529296875 0.0484375
0 0.2765625 0.05078125 0.03756103515625 0.03902587890625
0 0.2859375 0.1078125 0.03436279296875 0.03436279296875
0 0.3765625 0.0578125 0.04365234375 0.04365234375
0 0.52109375 0.05390625 0.0483154296875 0.0326416015625
0 0.621875 0.053125 0.034521484375 0.034521484375
0 0.7421875 0.04921875 0.034326171875 0.035791015625
0 0.4296875 0.103125 0.037451171875 0.0376953125
0 0.3359375 0.1875 0.04375 0.043701171875
0 0.49921875 0.1890625 0.04547119140625 0.0467041015625
0 0.55625 0.1015625 0.0375244140625 0.0375
0 0.7015625 0.10078125 0.0376220703125 0.0375
0 0.796875 0.1 0.04669189453125 0.03123779296875
0 0.64453125 0.18203125 0.045166015625 0.045166015625
0 0.23203125 0.37890625 0.04835205078125 0.04539794921875
0 0.1734375 0.39765625 0.0438720703125 0.0453369140625
0 0.29140625 0.3984375 0.02969970703125 0.02501220703125
0 0.15859375 0.45078125 0.0327392578125 0.0297607421875
0 0.26328125 0.4375 0.0389892578125 0.037548828125
0 0.35234375 0.3828125 0.03916015625 0.03419189453125
0 0.3546875 0.415625 0.04705810546875 0.03741455078125
0 0.41640625 0.3984375 0.0297119140625 0.0311279296875
0 0.459375 0.36796875 0.04049072265625 0.039111328125
0 0.465625 0.440625 0.043896484375 0.043798828125
0 0.50859375 0.39765625 0.035888671875 0.0359130859375
0 0.57421875 0.3765625 0.04208984375 0.037353515625
0 0.6046875 0.39609375 0.0373291015625 0.0361083984375
0 0.6703125 0.378125 0.0406982421875 0.04071044921875
0 0.71796875 0.38984375 0.03603515625 0.03280029296875
0 0.65859375 0.40703125 0.0391845703125 0.03916015625
0 0.79453125 0.38125 0.042138671875 0.04072265625
0 0.75234375 0.41796875 0.0454833984375 0.0483642578125
0 0.86015625 0.434375 0.0453125 0.03126220703125
0 0.89375 0.515625 0.0468505859375 0.046923828125
0 0.7578125 0.515625 0.040673828125 0.040673828125
0 0.62734375 0.5109375 0.04537353515625 0.046826171875
0 0.52890625 0.5203125 0.0578125 0.0564208984375
0 0.3953125 0.51953125 0.0501220703125 0.051611328125
0 0.25703125 0.5234375 0.0546875 0.0375244140625
0 0.08984375 0.5078125 0.0547607421875 0.0532958984375
0 0.56796875 0.43828125 0.04207763671875 0.04207763671875
0 0.2765625 0.7328125 0.0468994140625 0.0468505859375
0 0.3421875 0.740625 0.03428955078125 0.03426513671875
0 0.4390625 0.7421875 0.0343505859375 0.0343505859375
0 0.5296875 0.73828125 0.0343505859375 0.035791015625
0 0.61875 0.73203125 0.0373291015625 0.0360595703125
0 0.72734375 0.725 0.0360595703125 0.0281982421875
0 0.23828125 0.78046875 0.0576416015625 0.03125
0 0.328125 0.7890625 0.0439208984375 0.03740234375
0 0.45859375 0.79609375 0.0453369140625 0.0453369140625
0 0.515625 0.8109375 0.04705810546875 0.0470458984375
0 0.61796875 0.784375 0.05174560546875 0.04366455078125
0 0.70546875 0.7734375 0.05771484375 0.05634765625
0 0.79765625 0.7734375 0.04527587890625 0.043798828125