0 0.1671875 0.53203125 0.05009765625 0.0391845703125
0 0.265625 0.47890625 0.04993896484375 0.048486328125
0 0.246875 0.6140625 0.05635986328125 0.05633544921875
0 0.39921875 0.534375 0.0422607421875 0.0436767578125
0 0.45078125 0.50234375 0.05146484375 0.03924560546875
0 0.52734375 0.60625 0.0671142578125 0.065673828125
0 0.59609375 0.540625 0.05167236328125 0.04384765625
0 0.52109375 0.49765625 0.04228515625 0.03917236328125
0 0.67890625 0.52265625 0.03607177734375 0.036083984375
0 0.759375 0.55625 0.0406494140625 0.040625
0 0.8453125 0.59765625 0.0654296875 0.0640625
0 0.396875 0.33828125 0.03447265625 0.03292236328125
0 0.528125 0.2078125 0.03126220703125 0.02498779296875
0 0.6640625 0.2125 0.0313720703125 0.03134765625
0 0.5390625 0.3203125 0.0376220703125 0.028271484375
0 0.6796875 0.36171875 0.037548828125 0.038916015625