0 0.08984375 0.071875 0.13984375 0.13359375
0 0.296875 0.08125 0.18671875 0.146875
0 0.48671875 0.08203125 0.1640625 0.1640625
0 0.70859375 0.0921875 0.18984375 0.14140625
0 0.89296875 0.07578125 0.16015625 0.1203125
0 0.878125 0.01171875 0.003125 0.01875
0 0.0984375 0.28828125 0.1765625 0.14921875
0 0.3 0.28671875 0.16640625 0.146875
0 0.49140625 0.2890625 0.1703125 0.15703125
0 0.71171875 0.2828125 0.18359375 0.16015625
0 0.88359375 0.28671875 0.153125 0.15703125
0 0.103125 0.47734375 0.1796875 0.14921875
0 0.303125 0.48828125 0.153125 0.165625
0 0.49296875 0.48515625 0.1796875 0.1546875
0 0.69140625 0.48671875 0.15 0.15703125
0 0.903125 0.490625 0.16015625 0.1546875
0 0.09140625 0.68671875 0.1703125 0.1625
0 0.2984375 0.68515625 0.18984375 0.14375
0 0.503125 0.68828125 0.1796875 0.1546875
0 0.69140625 0.7015625 0.1703125 0.165625
0 0.89296875 0.68828125 0.16015625 0.16015625
0 0.1015625 0.884375 0.1765625 0.15234375
0 0.2984375 0.8796875 0.21640625 0.128125
0 0.503125 0.8828125 0.1734375 0.165625
0 0.69296875 0.884375 0.16640625 0.15703125
0 0.9 0.87578125 0.16640625 0.1359375