0 0.03359375 0.1 0.0671875 0.096875
0 0.1109375 0.134375 0.10010986328125 0.09989013671875
0 0.215625 0.15859375 0.1189453125 0.1204833984375
0 0.14921875 0.26171875 0.10166015625 0.13604736328125
0 0.4234375 0.1671875 0.07169189453125 0.11893310546875
0 0.3171875 0.12578125 0.09053955078125 0.12978515625
0 0.3875 0.290625 0.1156494140625 0.11563720703125
0 0.5453125 0.17734375 0.1030517578125 0.101611328125
0 0.715625 0.06171875 0.0998779296875 0.0985107421875
0 0.86328125 0.0421875 0.0953125 0.084375
0 0.59296875 0.29765625 0.09844970703125 0.12042236328125
0 0.784375 0.18671875 0.124951171875 0.12640380859375
0 0.88359375 0.3140625 0.092041015625 0.0908203125