0 0.1109375 0.20703125 0.0938720703125 0.0953369140625
0 0.21484375 0.15625 0.0984619140625 0.0998291015625
0 0.0984375 0.384375 0.10322265625 0.1032470703125
0 0.2359375 0.35234375 0.0876220703125 0.089013671875
0 0.325 0.1515625 0.0564208984375 0.09697265625
0 0.36875 0.196875 0.07198486328125 0.12501220703125
0 0.33203125 0.3640625 0.086083984375 0.08740234375
0 0.2484375 0.5109375 0.1186767578125 0.11865234375
0 0.521875 0.11328125 0.07496337890625 0.07347412109375
0 0.5265625 0.2359375 0.0561767578125 0.09998779296875
0 0.46875 0.35625 0.04697265625 0.1125
0 0.38671875 0.5828125 0.1203125 0.11884765625
0 0.521875 0.58671875 0.068896484375 0.125
0 0.58125 0.296875 0.074951171875 0.0748779296875
0 0.675 0.190625 0.078125 0.07811279296875
0 0.6953125 0.103125 0.084375 0.08438720703125
0 0.78984375 0.20859375 0.085986328125 0.085986328125
0 0.8484375 0.1328125 0.05625 0.125
0 0.66875 0.57265625 0.096875 0.09541015625
0 0.778125 0.5359375 0.071826171875 0.137451171875
0 0.9546875 0.43671875 0.090625 0.1078125
0 0.7 0.27890625 0.08134765625 0.08271484375