0 0.12265625 0.0703125 0.09541015625 0.09393310546875
0 0.36015625 0.06484375 0.08916015625 0.08916015625
0 0.6515625 0.07109375 0.10009765625 0.1
0 0.87578125 0.065625 0.10458984375 0.103125
0 0.12734375 0.40390625 0.0797119140625 0.0797119140625
0 0.3796875 0.38203125 0.0748291015625 0.07333984375
0 0.64140625 0.39921875 0.07347412109375 0.073486328125
0 0.8625 0.4046875 0.0781494140625 0.0781494140625
0 0.121875 0.7640625 0.1843505859375 0.1373779296875
0 0.39375 0.7890625 0.1342529296875 0.13447265625
0 0.6171875 0.79296875 0.15308837890625 0.151611328125
0 0.89375 0.74609375 0.1188720703125 0.121875