0 0.14609375 0.06328125 0.0546630859375 0.0375
0 0.2640625 0.1046875 0.04678955078125 0.04366455078125
0 0.43203125 0.1203125 0.0360595703125 0.0344482421875
0 0.74921875 0.08828125 0.04228515625 0.04228515625
0 0.89921875 0.08671875 0.04521484375 0.0390625
0 0.09296875 0.36484375 0.0484375 0.03896484375
0 0.19609375 0.3453125 0.03900146484375 0.03753662109375
0 0.590625 0.3171875 0.049951171875 0.0438232421875
0 0.4484375 0.37109375 0.046826171875 0.03271484375
0 0.60859375 0.4109375 0.042041015625 0.04078369140625
0 0.815625 0.3078125 0.04698486328125 0.0406982421875
0 0.1796875 0.7015625 0.0438232421875 0.04383544921875
0 0.428125 0.60625 0.04990234375 0.04052734375
0 0.50625 0.590625 0.03731689453125 0.03760986328125
0 0.60234375 0.61015625 0.04835205078125 0.04835205078125
0 0.82890625 0.70078125 0.05146484375 0.05146484375
0 0.215625 0.79296875 0.0719970703125 0.06083984375
0 0.49375 0.84609375 0.04075927734375 0.042236328125
0 0.865625 0.7921875 0.0531982421875 0.0531982421875
0 0.93125 0.8640625 0.053173828125 0.0531494140625