0 0.75234375 0.321875 0.082958984375 0.0843017578125
0 0.6 0.2125 0.0813232421875 0.0843017578125
0 0.675 0.40859375 0.084423828125 0.082958984375
0 0.609375 0.34375 0.071875 0.0718994140625
0 0.546875 0.38984375 0.0811767578125 0.0826904296875
0 0.5453125 0.52734375 0.0781494140625 0.0766845703125
0 0.47109375 0.3546875 0.0640380859375 0.065478515625
0 0.48359375 0.16875 0.07044677734375 0.071923828125
0 0.39921875 0.21875 0.06728515625 0.0904541015625
0 0.4015625 0.40390625 0.07181396484375 0.07037353515625
0 0.39609375 0.5390625 0.07662353515625 0.077978515625
0 0.3359375 0.37421875 0.07188720703125 0.07960205078125
0 0.2640625 0.41953125 0.08760986328125 0.08896484375