0 0.1828125 0.1125 0.08359375 0.0859375
0 0.784375 0.7390625 0.09765625 0.09453125
0 0.0828125 0.40703125 0.03046875 0.03046875
0 0.0828125 0.5390625 0.03046875 0.03046875
0 0.0703125 0.69921875 0.046875 0.040625
0 0.91328125 0.221875 0.0359375 0.034375
0 0.93125 0.38515625 0.02890625 0.03203125
0 0.9125 0.546875 0.0453125 0.0375
0 0.25625 0.53515625 0.03828125 0.0375
0 0.2171875 0.375 0.0328125 0.03046875
0 0.25390625 0.703125 0.0359375 0.03359375
0 0.74609375 0.0515625 0.0546875 0.046875
0 0.396875 0.2203125 0.0328125 0.03203125
0 0.59140625 0.21953125 0.0234375 0.028125
0 0.7390625 0.2109375 0.04375 0.04453125
0 0.328125 0.390625 0.0328125 0.03203125
0 0.4828125 0.375 0.03046875 0.028125
0 0.64375 0.36171875 0.04140625 0.034375
0 0.78828125 0.37265625 0.0328125 0.0234375
0 0.57265625 0.55390625 0.02890625 0.0359375
0 0.76796875 0.546875 0.0328125 0.03046875
0 0.41640625 0.7015625 0.0328125 0.0390625
0 0.5734375 0.709375 0.03046875 0.03359375
0 0.5875 0.90234375 0.04921875 0.0484375
0 0.25078125 0.8609375 0.04140625 0.04140625
0 0.084375 0.91484375 0.05234375 0.0484375