0 0.096875 0.22734375 0.1281982421875 0.1295654296875
0 0.19375 0.35859375 0.127978515625 0.1264892578125
0 0.27109375 0.184375 0.1170654296875 0.115576171875
0 0.45078125 0.159375 0.1108642578125 0.1093994140625
0 0.37890625 0.30234375 0.1141357421875 0.1171142578125
0 0.31953125 0.56328125 0.1014892578125 0.0985107421875
0 0.565625 0.46171875 0.0937744140625 0.09228515625
0 0.60859375 0.31015625 0.1014892578125 0.101513671875
0 0.72109375 0.20625 0.1140869140625 0.1126708984375
0 0.84765625 0.26171875 0.08905029296875 0.10792236328125
0 0.95234375 0.2453125 0.0953125 0.103125