0 0.25703125 0.09296875 0.135986328125 0.135986328125
0 0.41875 0.09765625 0.14991455078125 0.11092529296875
0 0.58203125 0.0984375 0.13603515625 0.1373779296875
0 0.74609375 0.1 0.125 0.12498779296875
0 0.91640625 0.0984375 0.1297119140625 0.12822265625
0 0.090625 0.2375 0.1311279296875 0.1313720703125
0 0.2515625 0.23359375 0.1406005859375 0.1139892578125
0 0.42109375 0.234375 0.1453125 0.1092041015625
0 0.584375 0.2359375 0.1375732421875 0.1001220703125
0 0.7453125 0.23671875 0.1468017578125 0.14547119140625
0 0.91484375 0.23984375 0.1328125 0.13280029296875
0 0.1 0.3828125 0.1657958984375 0.115771484375
0 0.2609375 0.37734375 0.121728515625 0.1203125
0 0.4203125 0.3765625 0.13455810546875 0.0937744140625
0 0.58984375 0.378125 0.1202880859375 0.1187744140625
0 0.74921875 0.375 0.123388671875 0.1218994140625
0 0.90703125 0.3765625 0.13916015625 0.14063720703125
0 0.090625 0.51484375 0.1311279296875 0.129833984375
0 0.25546875 0.5171875 0.1422607421875 0.09384765625
0 0.4203125 0.51484375 0.12197265625 0.120458984375
0 0.584375 0.51015625 0.1375732421875 0.1389404296875
0 0.74921875 0.515625 0.13585205078125 0.09073486328125
0 0.91640625 0.51484375 0.12957763671875 0.12958984375
0 0.0953125 0.6546875 0.13427734375 0.08447265625
0 0.2578125 0.65 0.1311279296875 0.131396484375
0 0.42265625 0.65078125 0.126611328125 0.126611328125
0 0.5859375 0.6515625 0.1216796875 0.118896484375
0 0.75078125 0.65 0.1391845703125 0.112646484375
0 0.9109375 0.64921875 0.1126220703125 0.11392822265625
0 0.0953125 0.78671875 0.1375732421875 0.1047607421875
0 0.259375 0.7828125 0.1342529296875 0.13447265625
0 0.4203125 0.78515625 0.1500244140625 0.148583984375
0 0.5765625 0.775 0.11260986328125 0.11259765625
0 0.75078125 0.78515625 0.142138671875 0.142138671875
0 0.909375 0.78515625 0.1468994140625 0.11700439453125
0 0.09375 0.92109375 0.12513427734375 0.126611328125
0 0.2625 0.92421875 0.1438232421875 0.1201416015625
0 0.42265625 0.9203125 0.1265380859375 0.127978515625
0 0.5859375 0.92109375 0.13111572265625 0.129833984375
0 0.7515625 0.921875 0.1344482421875 0.1344482421875