0 0.078125 0.05 0.05946044921875 0.06241455078125
0 0.25078125 0.040625 0.0545654296875 0.0623779296875
0 0.05078125 0.25390625 0.06710205078125 0.06710205078125
0 0.2375 0.20859375 0.0560791015625 0.0610107421875
0 0.1140625 0.43046875 0.0406494140625 0.0515625
0 0.25859375 0.37109375 0.04842529296875 0.0484375
0 0.14140625 0.5390625 0.03607177734375 0.03736572265625
0 0.24296875 0.5390625 0.05140380859375 0.0501220703125
0 0.08359375 0.71484375 0.0578857421875 0.0578857421875
0 0.23984375 0.7109375 0.05777587890625 0.05628662109375
0 0.41484375 0.05 0.0670166015625 0.0624267578125
0 0.5859375 0.0328125 0.040673828125 0.046923828125
0 0.7484375 0.0390625 0.05625 0.0562255859375
0 0.92265625 0.03984375 0.0545166015625 0.0545166015625
0 0.43359375 0.22890625 0.05487060546875 0.05771484375
0 0.58359375 0.2265625 0.06103515625 0.06240234375
0 0.76796875 0.203125 0.06083984375 0.05948486328125
0 0.93671875 0.25703125 0.0517333984375 0.051708984375
0 0.4046875 0.3765625 0.06259765625 0.06260986328125
0 0.59296875 0.365625 0.048291015625 0.0469482421875
0 0.7484375 0.37890625 0.05625 0.06094970703125
0 0.9546875 0.38828125 0.0499755859375 0.0453369140625
0 0.4109375 0.53984375 0.05634765625 0.0576416015625
0 0.58046875 0.5453125 0.06705322265625 0.06578369140625
0 0.76796875 0.53828125 0.04852294921875 0.04512939453125
0 0.87890625 0.54296875 0.04539794921875 0.04835205078125
0 0.44609375 0.7078125 0.06710205078125 0.0593994140625
0 0.56875 0.7109375 0.05008544921875 0.05294189453125
0 0.7625 0.7171875 0.065478515625 0.053271484375
0 0.91484375 0.725 0.0514892578125 0.050048828125
0 0.0796875 0.8859375 0.0533203125 0.056103515625
0 0.24609375 0.90078125 0.06083984375 0.06083984375
0 0.421875 0.8890625 0.0500244140625 0.0625732421875
0 0.5875 0.8890625 0.06241455078125 0.06239013671875
0 0.75078125 0.884375 0.06710205078125 0.07822265625
0 0.93046875 0.8921875 0.0734375 0.0783203125