0 0.91015625 0.33671875 0.071875 0.071875
0 0.82578125 0.33203125 0.06090087890625 0.060888671875
0 0.77109375 0.30859375 0.05772705078125 0.05477294921875
0 0.125 0.31015625 0.078076171875 0.07669677734375
0 0.16640625 0.4125 0.071875 0.0717529296875
0 0.28984375 0.32421875 0.05791015625 0.05791015625
0 0.25625 0.41171875 0.0748046875 0.0734375
0 0.3171875 0.39921875 0.071826171875 0.073291015625
0 0.40078125 0.31796875 0.06102294921875 0.06416015625
0 0.40703125 0.3984375 0.06396484375 0.07509765625
0 0.46875 0.3828125 0.068896484375 0.06884765625
0 0.51953125 0.309375 0.06083984375 0.05947265625
0 0.53984375 0.36875 0.065625 0.06551513671875
0 0.61171875 0.36875 0.073388671875 0.0719970703125
0 0.69375 0.31484375 0.07821044921875 0.059375
0 0.71171875 0.3734375 0.070166015625 0.06888427734375