0 0.890625 0.37734375 0.0719970703125 0.071875
0 0.75390625 0.25625 0.076708984375 0.07822265625
0 0.784375 0.54296875 0.08743896484375 0.085986328125
0 0.60546875 0.159375 0.0671875 0.0593017578125
0 0.21015625 0.18984375 0.067236328125 0.06722412109375
0 0.0859375 0.4171875 0.06251220703125 0.06251220703125
0 0.296875 0.39453125 0.05933837890625 0.06080322265625
0 0.2234375 0.55859375 0.075 0.0828125
0 0.48828125 0.4 0.064111328125 0.0626220703125
0 0.45390625 0.1671875 0.0548095703125 0.0594970703125
0 0.4296875 0.55390625 0.0688720703125 0.0701416015625
0 0.596875 0.53828125 0.0624267578125 0.0609375