0 0.88671875 0.30703125 0.05458984375 0.09541015625
0 0.8046875 0.2421875 0.1061767578125 0.10330810546875
0 0.775 0.52421875 0.075 0.075
0 0.140625 0.2703125 0.0905517578125 0.09052734375
0 0.2421875 0.25703125 0.08426513671875 0.084375
0 0.2296875 0.403125 0.0406494140625 0.0843994140625
0 0.38671875 0.19296875 0.06083984375 0.0609619140625
0 0.53515625 0.27265625 0.0826416015625 0.082666015625
0 0.4390625 0.33671875 0.059228515625 0.05791015625
0 0.3546875 0.521875 0.07198486328125 0.096875
0 0.6609375 0.2109375 0.04696044921875 0.09044189453125
0 0.6453125 0.37421875 0.08447265625 0.085986328125