0 0.12109375 0.415625 0.0889892578125 0.087548828125
0 0.171875 0.36484375 0.0814453125 0.0828125
0 0.19921875 0.28203125 0.0701904296875 0.07333984375
0 0.275 0.2375 0.0686279296875 0.0748046875
0 0.33203125 0.1875 0.0610595703125 0.0625732421875
0 0.35859375 0.1125 0.057763671875 0.05927734375
0 0.39609375 0.075 0.04541015625 0.0531982421875
0 0.534375 0.0859375 0.05302734375 0.05927734375
0 0.58203125 0.1328125 0.05771484375 0.05919189453125
0 0.646875 0.17421875 0.0498779296875 0.0672119140625
0 0.7203125 0.20390625 0.05609130859375 0.05465087890625
0 0.78125 0.259375 0.062451171875 0.0686279296875
0 0.46640625 0.34453125 0.076708984375 0.076708984375
0 0.6015625 0.3578125 0.08125 0.0781005859375
0 0.7765625 0.32890625 0.040625 0.0547119140625
0 0.8296875 0.37734375 0.0562255859375 0.06708984375
0 0.89296875 0.41875 0.0703125 0.0689208984375