0 0.24765625 0.2015625 0.035986328125 0.037353515625
0 0.3140625 0.2015625 0.040478515625 0.040478515625
0 0.41328125 0.196875 0.03580322265625 0.0343505859375
0 0.47578125 0.19296875 0.0298095703125 0.0298095703125
0 0.553125 0.18671875 0.02811279296875 0.03280029296875
0 0.628125 0.19765625 0.031298828125 0.0328125
0 0.778125 0.1796875 0.04071044921875 0.0406982421875
0 0.80859375 0.1859375 0.02978515625 0.034326171875
0 0.2171875 0.72421875 0.04063720703125 0.040625
0 0.3 0.7234375 0.03768310546875 0.04063720703125
0 0.40078125 0.71875 0.04375 0.04384765625
0 0.49609375 0.70859375 0.04208984375 0.0359375
0 0.57265625 0.70703125 0.03916015625 0.03291015625
0 0.665625 0.71796875 0.04078369140625 0.042138671875
0 0.74765625 0.69375 0.04234619140625 0.04381103515625
0 0.86015625 0.7109375 0.05166015625 0.040625