0 0.8484375 0.41953125 0.0594970703125 0.060986328125
0 0.79609375 0.39140625 0.05166015625 0.05166015625
0 0.7375 0.42578125 0.0751708984375 0.076611328125
0 0.64609375 0.44140625 0.075 0.06414794921875
0 0.70234375 0.56328125 0.08604736328125 0.08582763671875
0 0.565625 0.4484375 0.05330810546875 0.04365234375
0 0.5546875 0.57109375 0.0720703125 0.0734375
0 0.4640625 0.47890625 0.0498291015625 0.0484130859375
0 0.45546875 0.56875 0.0671875 0.0595458984375
0 0.3671875 0.478125 0.059423828125 0.0435546875
0 0.24375 0.48359375 0.059375 0.0515625
0 0.2 0.5890625 0.0686279296875 0.06865234375
0 0.33203125 0.54375 0.0640869140625 0.0593505859375
0 0.31640625 0.6484375 0.0860107421875 0.0748291015625