0 0.1578125 0.0875 0.0404541015625 0.046728515625
0 0.91171875 0.1 0.04830322265625 0.047021484375
0 0.109375 0.34765625 0.0468505859375 0.045361328125
0 0.30546875 0.3140625 0.054833984375 0.0560791015625
0 0.50703125 0.334375 0.0388916015625 0.050146484375
0 0.715625 0.33046875 0.04068603515625 0.042138671875
0 0.8640625 0.3453125 0.0406494140625 0.0406005859375
0 0.11953125 0.57734375 0.05146484375 0.05146484375
0 0.33046875 0.5828125 0.03909912109375 0.0376708984375
0 0.5140625 0.58515625 0.04063720703125 0.046875
0 0.6671875 0.59765625 0.05009765625 0.051513671875
0 0.9515625 0.58671875 0.056103515625 0.0548095703125
0 0.134375 0.80234375 0.0469482421875 0.045458984375
0 0.31796875 0.8265625 0.0420654296875 0.040771484375
0 0.45390625 0.8671875 0.054833984375 0.05634765625
0 0.7078125 0.828125 0.0468994140625 0.046875
0 0.86640625 0.83046875 0.04522705078125 0.04375