0 0.0703125 0.0875 0.1220703125 0.1248291015625
0 0.04921875 0.2453125 0.0984375 0.109375
0 0.15546875 0.2234375 0.126708984375 0.1280517578125
0 0.3296875 0.12734375 0.109228515625 0.107958984375
0 0.27265625 0.2765625 0.1140869140625 0.11259765625
0 0.49453125 0.25546875 0.120458984375 0.120458984375
0 0.3921875 0.12890625 0.06580810546875 0.12333984375
0 0.490625 0.075 0.1064453125 0.109423828125
0 0.5671875 0.12421875 0.12811279296875 0.128125
0 0.6640625 0.0875 0.10322265625 0.1032470703125
0 0.70078125 0.2640625 0.10162353515625 0.10308837890625
0 0.7453125 0.16015625 0.09998779296875 0.14219970703125
0 0.80390625 0.26640625 0.12333984375 0.16102294921875
0 0.91484375 0.046875 0.1046875 0.09375
0 0.95390625 0.13828125 0.0921875 0.1078125