0 0.80390625 0.446875 0.04842529296875 0.071875
0 0.20546875 0.4625 0.051611328125 0.053076171875
0 0.2546875 0.434375 0.0591796875 0.0564453125
0 0.3109375 0.5875 0.05623779296875 0.05919189453125
0 0.396875 0.45234375 0.046826171875 0.04534912109375
0 0.37265625 0.621875 0.0485595703125 0.0500732421875
0 0.41328125 0.58203125 0.0578857421875 0.0578857421875
0 0.44140625 0.4375 0.03291015625 0.0592529296875
0 0.50625 0.41640625 0.0375 0.07032470703125
0 0.50703125 0.596875 0.05142822265625 0.04993896484375
0 0.56171875 0.59296875 0.0546630859375 0.0548095703125
0 0.5671875 0.43125 0.0342041015625 0.0592041015625
0 0.61015625 0.46953125 0.04853515625 0.04842529296875
0 0.634375 0.61875 0.0654541015625 0.06259765625
0 0.6859375 0.59296875 0.0626220703125 0.06392822265625
0 0.73984375 0.440625 0.0375 0.07508544921875