0 0.96796875 0.03515625 0.05797119140625 0.057958984375
0 0.915625 0.20078125 0.0501708984375 0.05137939453125
0 0.93359375 0.3234375 0.057666015625 0.056396484375
0 0.9328125 0.48359375 0.056298828125 0.05775146484375
0 0.9578125 0.62734375 0.0500732421875 0.05167236328125
0 0.93671875 0.76875 0.0577880859375 0.0562744140625
0 0.9546875 0.9140625 0.046875 0.0624267578125
0 0.6515625 0.0640625 0.05018310546875 0.05294189453125
0 0.53046875 0.0609375 0.0514404296875 0.049951171875
0 0.36328125 0.04921875 0.05146484375 0.06396484375
0 0.209375 0.05234375 0.0623779296875 0.06103515625
0 0.08515625 0.0734375 0.057763671875 0.059228515625
0 0.0484375 0.190625 0.03427734375 0.05634765625
0 0.21015625 0.1875 0.05146484375 0.0501220703125
0 0.36484375 0.18515625 0.0515625 0.0515625
0 0.071875 0.34140625 0.07169189453125 0.07021484375
0 0.21328125 0.33515625 0.0515625 0.05157470703125
0 0.0859375 0.4703125 0.04071044921875 0.05001220703125
0 0.19296875 0.490625 0.03887939453125 0.05321044921875
0 0.07734375 0.63125 0.0578125 0.0592041015625
0 0.23515625 0.6140625 0.054638671875 0.0560791015625
0 0.04609375 0.77421875 0.04200439453125 0.04862060546875
0 0.23203125 0.765625 0.060986328125 0.0594970703125
0 0.50234375 0.2390625 0.05146484375 0.06259765625
0 0.6390625 0.2 0.05294189453125 0.0501708984375
0 0.78984375 0.18515625 0.042333984375 0.0423583984375
0 0.65078125 0.33671875 0.051708984375 0.051708984375
0 0.50703125 0.3421875 0.05469970703125 0.06553955078125
0 0.365625 0.33359375 0.0592041015625 0.05775146484375
0 0.36328125 0.47890625 0.0451904296875 0.0576416015625
0 0.509375 0.4671875 0.0468017578125 0.04677734375
0 0.65703125 0.471875 0.04537353515625 0.04388427734375
0 0.80078125 0.47734375 0.04541015625 0.059375
0 0.3765625 0.6234375 0.04990234375 0.0591796875
0 0.50625 0.63046875 0.04052734375 0.0390869140625
0 0.65 0.63125 0.05635986328125 0.05634765625
0 0.79453125 0.62265625 0.06396484375 0.05789794921875
0 0.365625 0.76953125 0.0438720703125 0.05
0 0.51875 0.7671875 0.05927734375 0.0593017578125
0 0.6734375 0.75390625 0.052978515625 0.05791015625
0 0.81328125 0.76640625 0.059375 0.059375
0 0.071875 0.92734375 0.062646484375 0.064013671875
0 0.19765625 0.91796875 0.06094970703125 0.0609375
0 0.38125 0.92890625 0.0532470703125 0.05458984375
0 0.4875 0.9046875 0.0530517578125 0.0530029296875
0 0.65625 0.96875 0.0437744140625 0.04373779296875
0 0.80078125 0.92109375 0.05 0.05
0 0.7875 0.03671875 0.0686767578125 0.0701416015625
0 0.79140625 0.328125 0.06080322265625 0.059521484375