0 0.21953125 0.5328125 0.0389892578125 0.0405029296875
0 0.28984375 0.5375 0.03603515625 0.0313232421875
0 0.34453125 0.52578125 0.04541015625 0.04375
0 0.409375 0.53828125 0.0374755859375 0.0375
0 0.5125 0.54765625 0.040625 0.0390869140625
0 0.56171875 0.55390625 0.04232177734375 0.042333984375
0 0.65390625 0.51875 0.0390625 0.0405517578125
0 0.70078125 0.54921875 0.0359619140625 0.035986328125
0 0.34453125 0.68515625 0.042138671875 0.04212646484375
0 0.46171875 0.68203125 0.0453125 0.0453125
0 0.57421875 0.70234375 0.04825439453125 0.04530029296875
0 0.71015625 0.70234375 0.04375 0.0375