0 0.33671875 0.20546875 0.092236328125 0.0922607421875
0 0.52578125 0.26171875 0.09375 0.0796142578125
0 0.72734375 0.26640625 0.1077880859375 0.0860595703125
0 0.23203125 0.41015625 0.1 0.1
0 0.42890625 0.40390625 0.104736328125 0.10472412109375
0 0.57890625 0.396875 0.10791015625 0.1093994140625
0 0.74296875 0.40625 0.120458984375 0.12193603515625
0 0.21171875 0.5609375 0.12017822265625 0.118896484375
0 0.4 0.57421875 0.1032470703125 0.10458984375
0 0.61484375 0.609375 0.12669677734375 0.12799072265625
0 0.7765625 0.61953125 0.112353515625 0.11107177734375