0 0.865625 0.1859375 0.0435546875 0.05313720703125
0 0.7984375 0.2046875 0.0344482421875 0.03446044921875
0 0.73125 0.17734375 0.03740234375 0.04521484375
0 0.6515625 0.165625 0.03125 0.0375244140625
0 0.57890625 0.18203125 0.0359375 0.04228515625
0 0.50859375 0.134375 0.04222412109375 0.04078369140625
0 0.41640625 0.1515625 0.036083984375 0.0373779296875
0 0.37578125 0.18125 0.04521484375 0.0499755859375
0 0.9171875 0.60625 0.0408203125 0.04376220703125
0 0.84296875 0.58125 0.03902587890625 0.03753662109375
0 0.796875 0.5953125 0.0499755859375 0.0499755859375
0 0.71796875 0.584375 0.0516357421875 0.0501708984375
0 0.60234375 0.58359375 0.048388671875 0.0484130859375
0 0.50078125 0.590625 0.0453369140625 0.053076171875
0 0.4046875 0.58515625 0.0437744140625 0.0608642578125
0 0.28984375 0.171875 0.04234619140625 0.04378662109375
0 0.24453125 0.1734375 0.0390625 0.0469970703125
0 0.13671875 0.1671875 0.040625 0.040625
0 0.11171875 0.5875 0.0451416015625 0.043701171875
0 0.178125 0.5796875 0.04669189453125 0.04373779296875
0 0.225 0.56875 0.0376708984375 0.0405517578125
0 0.25625 0.575 0.03758544921875 0.04052734375
0 0.31875 0.584375 0.0469970703125 0.046923828125