0 0.22265625 0.37265625 0.06396484375 0.0611083984375
0 0.33515625 0.37890625 0.06083984375 0.06416015625
0 0.44765625 0.41484375 0.054833984375 0.054833984375
0 0.528125 0.4421875 0.05938720703125 0.05926513671875
0 0.63125 0.45078125 0.056201171875 0.0547119140625
0 0.703125 0.44140625 0.062353515625 0.0638916015625
0 0.81171875 0.403125 0.075 0.071875
0 0.29453125 0.55078125 0.064208984375 0.06422119140625
0 0.7015625 0.54375 0.0749755859375 0.0751220703125
0 0.79375 0.52421875 0.071826171875 0.0733154296875
0 0.56796875 0.54140625 0.0671875 0.07354736328125
0 0.40625 0.52734375 0.08134765625 0.07049560546875