0 0.09765625 0.09453125 0.11640625 0.14609375
0 0.29296875 0.0859375 0.1109375 0.15
0 0.49296875 0.0875 0.1 0.15390625
0 0.10390625 0.30546875 0.09609375 0.12109375
0 0.30234375 0.3109375 0.0875 0.13203125
0 0.50859375 0.30390625 0.10703125 0.125
0 0.69921875 0.1 0.09453125 0.13203125
0 0.90546875 0.0875 0.09609375 0.14296875
0 0.90703125 0.2953125 0.11796875 0.15546875
0 0.71015625 0.2890625 0.11640625 0.1640625
0 0.8953125 0.48828125 0.10859375 0.14453125
0 0.70625 0.4921875 0.0984375 0.14140625
0 0.4921875 0.5 0.1125 0.1609375
0 0.29453125 0.4921875 0.12890625 0.15859375
0 0.09765625 0.4921875 0.10546875 0.1625
0 0.09921875 0.70625 0.0984375 0.1375
0 0.3 0.7046875 0.1 0.14453125
0 0.5015625 0.68515625 0.0890625 0.14140625
0 0.72109375 0.70234375 0.10703125 0.15859375
0 0.9015625 0.6984375 0.1 0.14296875
0 0.0953125 0.8921875 0.1015625 0.14140625
0 0.2890625 0.8890625 0.1 0.15390625
0 0.49765625 0.8984375 0.09453125 0.15390625
0 0.69609375 0.8984375 0.1 0.14609375
0 0.91171875 0.8953125 0.1125 0.14140625