0 0.12890625 0.1453125 0.2515625 0.209375
0 0.37734375 0.14765625 0.2296875 0.20078125
0 0.62890625 0.14453125 0.2234375 0.19375
0 0.88203125 0.13984375 0.2265625 0.20625
0 0.121875 0.3828125 0.22109375 0.18828125
0 0.375 0.384375 0.2515625 0.19375
0 0.63046875 0.3859375 0.22109375 0.20078125
0 0.8828125 0.3859375 0.23359375 0.190625
0 0.1359375 0.62265625 0.2546875 0.19921875
0 0.37890625 0.6203125 0.24296875 0.190625
0 0.6265625 0.6234375 0.25703125 0.19375
0 0.88125 0.61875 0.2375 0.19375
0 0.12890625 0.8625 0.240625 0.1953125
0 0.38203125 0.8578125 0.2546875 0.19375
0 0.63046875 0.8578125 0.2265625 0.19765625
0 0.88203125 0.8609375 0.2265625 0.1953125