0 0.1140625 0.54140625 0.05924072265625 0.05794677734375
0 0.18515625 0.5484375 0.04532470703125 0.05938720703125
0 0.27265625 0.54375 0.04833984375 0.0656005859375
0 0.353125 0.55859375 0.056298828125 0.057763671875
0 0.4609375 0.521875 0.0720458984375 0.07490234375
0 0.55 0.54140625 0.0594970703125 0.0829345703125
0 0.61953125 0.55 0.0578369140625 0.056396484375
0 0.68125 0.553125 0.0595458984375 0.0626220703125
0 0.784375 0.5546875 0.0561767578125 0.05322265625
0 0.871875 0.53203125 0.0564453125 0.05771484375
0 0.1390625 0.05234375 0.05013427734375 0.05140380859375
0 0.20703125 0.040625 0.045263671875 0.04677734375
0 0.30546875 0.0671875 0.0421875 0.043603515625
0 0.39765625 0.08203125 0.05140380859375 0.051416015625
0 0.46640625 0.06484375 0.05155029296875 0.05467529296875
0 0.41484375 0.1625 0.04541015625 0.0439208984375
0 0.54453125 0.08671875 0.04375 0.0546630859375
0 0.6234375 0.08203125 0.0499755859375 0.0485107421875
0 0.7046875 0.07265625 0.0498291015625 0.04840087890625
0 0.77109375 0.06875 0.046875 0.0468994140625
0 0.86171875 0.06640625 0.04853515625 0.06094970703125