0 0.15703125 0.10234375 0.1203125 0.12020263671875
0 0.25625 0.15234375 0.0718994140625 0.1264404296875
0 0.325 0.11171875 0.081396484375 0.08287353515625
0 0.425 0.1109375 0.05625 0.109375
0 0.48515625 0.12421875 0.082763671875 0.082763671875
0 0.57421875 0.14375 0.05792236328125 0.1000244140625
0 0.63203125 0.14296875 0.06708984375 0.11396484375
0 0.66875 0.184375 0.0845458984375 0.0873291015625
0 0.76640625 0.0828125 0.129541015625 0.128125
0 0.878125 0.128125 0.124951171875 0.124951171875
0 0.55546875 0.4109375 0.10146484375 0.10010986328125