0 0.92265625 0.36328125 0.0578125 0.0578125
0 0.09296875 0.37890625 0.06737060546875 0.07032470703125
0 0.18671875 0.4796875 0.0888916015625 0.0876708984375
0 0.77578125 0.38359375 0.0610595703125 0.061083984375
0 0.63984375 0.35234375 0.06103515625 0.05771484375
0 0.40390625 0.34375 0.07359619140625 0.07503662109375
0 0.37734375 0.49609375 0.09544677734375 0.095458984375
0 0.56015625 0.48046875 0.06708984375 0.07335205078125
0 0.503125 0.39453125 0.0719970703125 0.0732666015625
0 0.6078125 0.47421875 0.06893310546875 0.07012939453125
0 0.8109375 0.50078125 0.0906494140625 0.0766357421875