0 0.1140625 0.12734375 0.1563232421875 0.1140380859375
0 0.321875 0.08125 0.18427734375 0.13426513671875
0 0.6578125 0.06015625 0.121875 0.1203125
0 0.88359375 0.08125 0.11419677734375 0.1156494140625
0 0.26484375 0.60390625 0.13916015625 0.1046875
0 0.33671875 0.77421875 0.1358154296875 0.13583984375
0 0.73125 0.6015625 0.15625 0.1562744140625
0 0.88984375 0.78984375 0.1110595703125 0.1110595703125
0 0.41328125 0.53671875 0.039111328125 0.0391357421875
0 0.434375 0.08359375 0.09381103515625 0.09527587890625
0 0.04453125 0.05703125 0.08282470703125 0.06417236328125