0 0.0640625 0.05234375 0.0328125 0.0296875
0 0.2984375 0.05234375 0.025 0.021875
0 0.525 0.04609375 0.03828125 0.03203125
0 0.6765625 0.0453125 0.03046875 0.02421875
0 0.91328125 0.07109375 0.04375 0.021875
0 0.10546875 0.17109375 0.03046875 0.02421875
0 0.31171875 0.1828125 0.0328125 0.03046875
0 0.51171875 0.17265625 0.03046875 0.02578125
0 0.6625 0.16875 0.0328125 0.028125
0 0.8875 0.17890625 0.03046875 0.02578125
0 0.1 0.29375 0.0421875 0.0328125
0 0.28125 0.29140625 0.040625 0.034375
0 0.496875 0.27734375 0.034375 0.0234375
0 0.74453125 0.2984375 0.03671875 0.03046875
0 0.8625 0.2765625 0.0421875 0.028125
0 0.0796875 0.4171875 0.03671875 0.02421875
0 0.29453125 0.44609375 0.05546875 0.02578125
0 0.4953125 0.421875 0.04375 0.03046875
0 0.64921875 0.42734375 0.04765625 0.03203125
0 0.95390625 0.4234375 0.04375 0.0296875
0 0.07734375 0.52578125 0.03671875 0.03046875
0 0.3078125 0.54453125 0.04765625 0.0296875
0 0.45703125 0.546875 0.03671875 0.0265625
0 0.69140625 0.54296875 0.0328125 0.028125
0 0.93671875 0.546875 0.04765625 0.02421875
0 0.30078125 0.6625 0.02265625 0.021875
0 0.746875 0.7046875 0.040625 0.02109375
0 0.92109375 0.67109375 0.04375 0.0328125
0 0.07109375 0.79609375 0.03046875 0.0296875
0 0.29921875 0.80234375 0.034375 0.0234375
0 0.5015625 0.79453125 0.0328125 0.02421875
0 0.70625 0.78828125 0.02890625 0.0265625
0 0.9109375 0.8 0.03828125 0.028125
0 0.05546875 0.90859375 0.034375 0.02578125
0 0.2734375 0.925 0.03671875 0.02421875
0 0.48828125 0.96328125 0.040625 0.02421875
0 0.73125 0.921875 0.03671875 0.02578125
0 0.95078125 0.9171875 0.0421875 0.03515625
0 0.50546875 0.66796875 0.0328125 0.03046875
0 0.07578125 0.65234375 0.040625 0.0234375