0 0.2640625 0.10546875 0.13765869140625 0.13912353515625
0 0.403125 0.290625 0.150048828125 0.149951171875
0 0.4546875 0.178125 0.1251708984375 0.1251708984375
0 0.42890625 0.04453125 0.1265625 0.0890625
0 0.58359375 0.28359375 0.135791015625 0.1358154296875
0 0.7484375 0.190625 0.14052734375 0.1375
0 0.72578125 0.05859375 0.1265625 0.1171875
0 0.890625 0.08203125 0.1249755859375 0.1388916015625
0 0.921875 0.34140625 0.12796630859375 0.12669677734375
0 0.04921875 0.13984375 0.0984375 0.1109375
0 0.9671875 0.2109375 0.065625 0.084375