0 0.24609375 0.209375 0.09224853515625 0.0907958984375
0 0.1953125 0.309375 0.10010986328125 0.10010986328125
0 0.35078125 0.2421875 0.07984619140625 0.08128662109375
0 0.43203125 0.2234375 0.08583984375 0.0844482421875
0 0.47421875 0.12734375 0.09837646484375 0.098388671875
0 0.55078125 0.17890625 0.089111328125 0.08912353515625
0 0.5171875 0.31640625 0.0907958984375 0.0920166015625
0 0.615625 0.24921875 0.0563720703125 0.1375
0 0.6953125 0.1875 0.09072265625 0.0906005859375
0 0.77265625 0.18203125 0.05625 0.1173095703125
0 0.7203125 0.321875 0.0998291015625 0.09981689453125