0 0.1671875 0.53203125 0.05 0.03984375
0 0.265625 0.47890625 0.05234375 0.0453125
0 0.246875 0.6140625 0.05390625 0.05234375
0 0.39921875 0.534375 0.04609375 0.03984375
0 0.45078125 0.50234375 0.05 0.03828125
0 0.52734375 0.60625 0.08203125 0.04375
0 0.59609375 0.540625 0.05234375 0.04375
0 0.52109375 0.49765625 0.0421875 0.03984375
0 0.67890625 0.52265625 0.03828125 0.034375
0 0.759375 0.55625 0.03828125 0.034375
0 0.8453125 0.59765625 0.078125 0.046875
0 0.396875 0.33828125 0.034375 0.03359375
0 0.528125 0.2078125 0.03203125 0.02421875
0 0.6640625 0.2125 0.03203125 0.028125
0 0.5390625 0.3203125 0.03828125 0.0265625
0 0.6796875 0.36171875 0.04375 0.0296875