0 0.08515625 0.565625 0.03607177734375 0.03734130859375
0 0.1203125 0.5390625 0.043798828125 0.043798828125
0 0.1609375 0.3765625 0.04052734375 0.040576171875
0 0.184375 0.4453125 0.0406005859375 0.040673828125
0 0.17109375 0.553125 0.02637939453125 0.04981689453125
0 0.190625 0.615625 0.0343017578125 0.0343017578125
0 0.2296875 0.69453125 0.03116455078125 0.0640625
0 0.20546875 0.3359375 0.0361083984375 0.0375244140625
0 0.2234375 0.2859375 0.0437744140625 0.04375
0 0.28515625 0.26171875 0.03916015625 0.03916015625
0 0.2390625 0.375 0.0251708984375 0.0564208984375
0 0.26640625 0.33203125 0.0375 0.0375
0 0.2828125 0.39296875 0.0310791015625 0.07354736328125
0 0.2734375 0.51484375 0.0280517578125 0.06103515625
0 0.31640625 0.2921875 0.02353515625 0.0594482421875
0 0.3046875 0.3515625 0.034423828125 0.03447265625
0 0.3703125 0.26796875 0.025 0.0609375
0 0.40390625 0.29921875 0.0389404296875 0.0390869140625
0 0.31171875 0.4265625 0.0421142578125 0.0407470703125
0 0.34609375 0.4171875 0.03583984375 0.0344482421875
0 0.38359375 0.3984375 0.0483642578125 0.046875
0 0.3453125 0.59375 0.0376220703125 0.0375732421875
0 0.3765625 0.55078125 0.0466796875 0.04541015625
0 0.39765625 0.46875 0.02655029296875 0.04698486328125
0 0.4015625 0.59375 0.037548828125 0.0374755859375
0 0.43984375 0.346875 0.03580322265625 0.03441162109375
0 0.4578125 0.271875 0.0501220703125 0.0499755859375
0 0.48515625 0.32578125 0.03603515625 0.07020263671875
0 0.52109375 0.28984375 0.04833984375 0.04833984375
0 0.53984375 0.35390625 0.02042236328125 0.0546875
0 0.47109375 0.5421875 0.03900146484375 0.03756103515625
0 0.5078125 0.534375 0.0250732421875 0.04981689453125
0 0.45625 0.61015625 0.03759765625 0.0390380859375
0 0.46875 0.6890625 0.02811279296875 0.03106689453125
0 0.546875 0.58203125 0.03765869140625 0.03900146484375
0 0.5859375 0.6171875 0.040576171875 0.0405517578125
0 0.58359375 0.3125 0.039111328125 0.0376708984375
0 0.609375 0.27265625 0.04368896484375 0.042333984375
0 0.63984375 0.30546875 0.02021484375 0.0485595703125
0 0.66484375 0.328125 0.04208984375 0.040625
0 0.69921875 0.259375 0.042138671875 0.0407470703125
0 0.75234375 0.27265625 0.032861328125 0.0328369140625
0 0.76875 0.3046875 0.0376708984375 0.040478515625
0 0.81484375 0.32109375 0.02646484375 0.0515869140625
0 0.85625 0.38984375 0.0437255859375 0.04224853515625
0 0.7234375 0.3390625 0.040771484375 0.0406982421875
0 0.5984375 0.39609375 0.0466796875 0.04541015625
0 0.66875 0.4203125 0.04385986328125 0.04383544921875
0 0.7171875 0.40078125 0.0279296875 0.05792236328125
0 0.76484375 0.38828125 0.02344970703125 0.06104736328125
0 0.7984375 0.4078125 0.0404541015625 0.03748779296875
0 0.83828125 0.49765625 0.04208984375 0.04208984375
0 0.8921875 0.51875 0.04385986328125 0.04384765625
0 0.696875 0.5328125 0.05009765625 0.0501220703125
0 0.6671875 0.578125 0.03758544921875 0.03758544921875
0 0.61640625 0.66328125 0.0607666015625 0.0607666015625
0 0.753125 0.56328125 0.0406982421875 0.042138671875
0 0.81484375 0.64140625 0.04228515625 0.04228515625
0 0.84296875 0.5796875 0.0263916015625 0.046875