0 0.12109375 0.415625 0.08828125 0.08125
0 0.171875 0.36484375 0.08125 0.08125
0 0.19921875 0.28203125 0.06328125 0.0671875
0 0.275 0.2375 0.0609375 0.06875
0 0.33203125 0.1875 0.05625 0.06015625
0 0.35859375 0.1125 0.05234375 0.0578125
0 0.39609375 0.075 0.0453125 0.05234375
0 0.534375 0.0859375 0.05 0.05625
0 0.58203125 0.1328125 0.05 0.06015625
0 0.646875 0.17421875 0.04296875 0.06484375
0 0.7203125 0.20390625 0.05 0.05625
0 0.78125 0.259375 0.0546875 0.06171875
0 0.46640625 0.34453125 0.07265625 0.0796875
0 0.6015625 0.3578125 0.075 0.0703125
0 0.7765625 0.32890625 0.040625 0.05625
0 0.8296875 0.37734375 0.05234375 0.06328125
0 0.89296875 0.41875 0.05625 0.0796875