0 0.11015625 0.1203125 0.07978515625 0.081298828125
0 0.26640625 0.1390625 0.0827880859375 0.0906005859375
0 0.4234375 0.1109375 0.0689208984375 0.071826171875
0 0.59296875 0.13515625 0.084375 0.08272705078125
0 0.72734375 0.1328125 0.06082763671875 0.0751220703125
0 0.88125 0.13125 0.07178955078125 0.07177734375
0 0.0984375 0.259375 0.0719482421875 0.07197265625
0 0.26640625 0.2796875 0.07657470703125 0.09669189453125
0 0.428125 0.2796875 0.0750244140625 0.075048828125
0 0.57734375 0.2890625 0.0704833984375 0.087451171875
0 0.7234375 0.2828125 0.07823486328125 0.07822265625
0 0.8765625 0.284375 0.068798828125 0.0688232421875
0 0.11875 0.43125 0.06875 0.09071044921875
0 0.29921875 0.4203125 0.0796875 0.07821044921875
0 0.4328125 0.428125 0.084375 0.08436279296875
0 0.5828125 0.42890625 0.090625 0.090625
0 0.73828125 0.43515625 0.0861083984375 0.086083984375
0 0.88671875 0.4328125 0.09205322265625 0.0907470703125
0 0.10703125 0.5953125 0.0797607421875 0.081201171875
0 0.25625 0.58828125 0.056103515625 0.0734619140625
0 0.42890625 0.590625 0.085986328125 0.084521484375
0 0.58203125 0.584375 0.07984619140625 0.0811767578125
0 0.73671875 0.5921875 0.08896484375 0.0968505859375
0 0.8953125 0.5828125 0.07811279296875 0.10302734375
0 0.1125 0.7375 0.093798828125 0.0907958984375
0 0.27890625 0.73984375 0.085986328125 0.0860107421875
0 0.42890625 0.740625 0.095263671875 0.09671630859375
0 0.5796875 0.74453125 0.0843505859375 0.085791015625
0 0.73828125 0.71484375 0.0673095703125 0.0670654296875
0 0.88125 0.73203125 0.09365234375 0.092333984375
0 0.13125 0.89296875 0.08138427734375 0.08267822265625
0 0.27578125 0.8734375 0.088916015625 0.08746337890625
0 0.421875 0.88671875 0.09052734375 0.092041015625
0 0.57578125 0.878125 0.082958984375 0.0844482421875
0 0.72265625 0.8828125 0.0858154296875 0.0843017578125
0 0.9015625 0.88515625 0.0843017578125 0.09852294921875