0 0.03984375 0.05703125 0.04542236328125 0.03917236328125
0 0.31640625 0.10859375 0.0389892578125 0.039013671875
0 0.4828125 0.0625 0.04696044921875 0.0499267578125
0 0.10234375 0.17890625 0.05762939453125 0.05762939453125
0 0.30390625 0.203125 0.0420654296875 0.0439453125
0 0.5140625 0.17578125 0.05009765625 0.05146484375
0 0.72578125 0.171875 0.035986328125 0.0345458984375
0 0.05859375 0.30703125 0.0484375 0.04375
0 0.321875 0.31171875 0.05625 0.04375
0 0.4765625 0.31015625 0.0563232421875 0.05771484375
0 0.728125 0.3171875 0.04688720703125 0.04688720703125
0 0.94140625 0.3375 0.04227294921875 0.05010986328125
0 0.14765625 0.45703125 0.05172119140625 0.051708984375
0 0.34921875 0.5390625 0.08604736328125 0.09686279296875
0 0.08671875 0.59921875 0.04853515625 0.0483154296875
0 0.7234375 0.4546875 0.0533203125 0.0533203125
0 0.9390625 0.46015625 0.049951171875 0.0546142578125
0 0.68671875 0.5984375 0.0484375 0.034375
0 0.93984375 0.6 0.0578369140625 0.04384765625
0 0.08046875 0.7375 0.04833984375 0.0469970703125
0 0.228125 0.76015625 0.06243896484375 0.063916015625
0 0.509375 0.75078125 0.05322265625 0.053125
0 0.70234375 0.7421875 0.051416015625 0.050048828125
0 0.84140625 0.74609375 0.05140380859375 0.051416015625
0 0.1515625 0.91875 0.0591796875 0.05927734375
0 0.2875 0.88203125 0.06551513671875 0.06416015625
0 0.46953125 0.97734375 0.0702392578125 0.0423095703125
0 0.6609375 0.89453125 0.0564208984375 0.0578857421875
0 0.94140625 0.9046875 0.0547119140625 0.0438720703125