0 0.1390625 0.0640625 0.05234375 0.06015625
0 0.28203125 0.1734375 0.065625 0.09453125
0 0.484375 0.0671875 0.05 0.05859375
0 0.70390625 0.0359375 0.0546875 0.053125
0 0.6921875 0.2046875 0.0703125 0.05859375
0 0.52109375 0.209375 0.040625 0.04140625
0 0.55625 0.240625 0.065625 0.0625
0 0.11640625 0.2953125 0.0703125 0.05859375
0 0.85234375 0.309375 0.08359375 0.05625
0 0.10859375 0.3953125 0.05859375 0.0625
0 0.33515625 0.36640625 0.0453125 0.053125
0 0.56015625 0.39453125 0.05234375 0.05625
0 0.68828125 0.40546875 0.0546875 0.05625
0 0.95234375 0.37734375 0.0953125 0.0671875
0 0.04296875 0.53203125 0.05859375 0.05625
0 0.31171875 0.52265625 0.075 0.05625
0 0.43359375 0.58671875 0.05625 0.05625
0 0.85859375 0.5703125 0.0453125 0.05625
0 0.08359375 0.7015625 0.05859375 0.05859375
0 0.309375 0.70859375 0.03828125 0.04375
0 0.48359375 0.72890625 0.04296875 0.04140625
0 0.75859375 0.7 0.07265625 0.05625
0 0.86484375 0.71328125 0.0546875 0.05625
0 0.10859375 0.9453125 0.0546875 0.04140625
0 0.2953125 0.9078125 0.04765625 0.053125
0 0.48671875 0.86953125 0.0546875 0.046875
0 0.7109375 0.87109375 0.0546875 0.05078125
0 0.8765625 0.96953125 0.0859375 0.04375