0 0.8359375 0.384375 0.03828125 0.06953125
0 0.84296875 0.5640625 0.03984375 0.0609375
0 0.80390625 0.484375 0.03828125 0.08125
0 0.75390625 0.3859375 0.03671875 0.08359375
0 0.684375 0.253125 0.04609375 0.07890625
0 0.68125 0.45078125 0.034375 0.0859375
0 0.6359375 0.29921875 0.034375 0.08125
0 0.57578125 0.35234375 0.03828125 0.07421875
0 0.4984375 0.4953125 0.03984375 0.08125
0 0.4953125 0.309375 0.03984375 0.07421875
0 0.421875 0.55859375 0.03828125 0.0765625
0 0.40078125 0.48984375 0.03671875 0.06953125
0 0.34765625 0.5375 0.03828125 0.07890625
0 0.37734375 0.3078125 0.0328125 0.065625
0 0.41484375 0.22890625 0.03671875 0.0609375
0 0.29453125 0.371875 0.04140625 0.09921875
0 0.25859375 0.48671875 0.03984375 0.05859375
0 0.31875 0.2171875 0.034375 0.06953125
0 0.28359375 0.21875 0.034375 0.06328125
0 0.23046875 0.303125 0.034375 0.06953125
0 0.165625 0.315625 0.04140625 0.08984375