0 0.05 0.40625 0.04080810546875 0.0435546875
0 0.10390625 0.390625 0.04208984375 0.046875
0 0.95078125 0.39375 0.05771484375 0.05634765625
0 0.88125 0.3921875 0.05322265625 0.05615234375
0 0.81875 0.371875 0.0560546875 0.0560546875
0 0.16953125 0.39375 0.04228515625 0.04365234375
0 0.196875 0.43203125 0.04381103515625 0.042333984375
0 0.24765625 0.434375 0.02666015625 0.05634765625
0 0.29453125 0.43828125 0.03602294921875 0.03602294921875
0 0.34453125 0.4375 0.045458984375 0.046923828125
0 0.4125 0.4171875 0.05634765625 0.05615234375
0 0.43203125 0.4015625 0.070361328125 0.071826171875
0 0.5515625 0.4046875 0.0438232421875 0.04384765625
0 0.6015625 0.39140625 0.0437744140625 0.0452392578125
0 0.659375 0.409375 0.04061279296875 0.0406005859375
0 0.71328125 0.40390625 0.04212646484375 0.042138671875
0 0.7609375 0.38828125 0.0407958984375 0.0422119140625