0 0.25703125 0.09296875 0.15546875 0.1125
0 0.41875 0.09765625 0.146875 0.10703125
0 0.58203125 0.0984375 0.146875 0.10859375
0 0.74609375 0.1 0.128125 0.10234375
0 0.91640625 0.0984375 0.14140625 0.10859375
0 0.090625 0.2375 0.15 0.109375
0 0.2515625 0.23359375 0.13359375 0.10546875
0 0.42109375 0.234375 0.14140625 0.10390625
0 0.584375 0.2359375 0.13671875 0.10078125
0 0.7453125 0.23671875 0.1578125 0.10859375
0 0.91484375 0.23984375 0.15546875 0.10390625
0 0.1 0.3828125 0.1578125 0.10078125
0 0.2609375 0.37734375 0.14140625 0.096875
0 0.4203125 0.3765625 0.13359375 0.09296875
0 0.58984375 0.378125 0.13671875 0.08984375
0 0.74921875 0.375 0.1390625 0.10546875
0 0.90703125 0.3765625 0.15 0.10390625
0 0.090625 0.51484375 0.14453125 0.0953125
0 0.25546875 0.5171875 0.14140625 0.09375
0 0.4203125 0.51484375 0.1234375 0.10078125
0 0.584375 0.51015625 0.146875 0.10234375
0 0.74921875 0.515625 0.13359375 0.08828125
0 0.91640625 0.51484375 0.14140625 0.0953125
0 0.0953125 0.6546875 0.13125 0.08125
0 0.2578125 0.65 0.15234375 0.0953125
0 0.42265625 0.65078125 0.1390625 0.096875
0 0.5859375 0.6515625 0.13359375 0.10078125
0 0.75078125 0.65 0.13125 0.0984375
0 0.9109375 0.64921875 0.12578125 0.08984375
0 0.0953125 0.78671875 0.13671875 0.10390625
0 0.259375 0.7828125 0.15546875 0.109375
0 0.4203125 0.78515625 0.15546875 0.1171875
0 0.5765625 0.775 0.12578125 0.1
0 0.75078125 0.78515625 0.146875 0.1109375
0 0.909375 0.78515625 0.1390625 0.10234375
0 0.09375 0.92109375 0.15 0.10078125
0 0.2625 0.92421875 0.13359375 0.10546875
0 0.42265625 0.9203125 0.13359375 0.096875
0 0.5859375 0.92109375 0.14453125 0.10078125
0 0.7515625 0.921875 0.15546875 0.10859375