0 0.1359375 0.11015625 0.15615234375 0.17637939453125
0 0.35859375 0.0953125 0.13896484375 0.1404296875
0 0.65703125 0.0765625 0.1203857421875 0.13134765625
0 0.89296875 0.11796875 0.151416015625 0.1513916015625
0 0.8984375 0.4203125 0.12481689453125 0.1251708984375
0 0.628125 0.46640625 0.125 0.13585205078125
0 0.4 0.44296875 0.137646484375 0.13912353515625
0 0.1265625 0.42109375 0.1251708984375 0.1265869140625
0 0.09453125 0.76640625 0.13583984375 0.1578125
0 0.3984375 0.7625 0.16240234375 0.16240234375
0 0.615625 0.76875 0.1407470703125 0.1406982421875
0 0.878125 0.7703125 0.1310791015625 0.1560791015625