0 0.16640625 0.45625 0.09375 0.1031982421875
0 0.8359375 0.2328125 0.0717529296875 0.0717529296875
0 0.790625 0.5765625 0.087646484375 0.075
0 0.2390625 0.2328125 0.0843994140625 0.084375
0 0.3625 0.1390625 0.07830810546875 0.08125
0 0.51171875 0.146875 0.08267822265625 0.08121337890625
0 0.7109375 0.171875 0.0843994140625 0.0812744140625
0 0.49453125 0.34140625 0.07657470703125 0.07041015625
0 0.6734375 0.30546875 0.08143310546875 0.0828125
0 0.33828125 0.4890625 0.0922607421875 0.0908203125
0 0.59609375 0.5765625 0.07335205078125 0.06551513671875