0 0.0796875 0.3078125 0.0281494140625 0.0281494140625
0 0.1234375 0.31328125 0.01881103515625 0.01732177734375
0 0.1859375 0.31796875 0.0218505859375 0.0203369140625
0 0.225 0.3140625 0.01884765625 0.021826171875
0 0.20234375 0.3859375 0.0391845703125 0.024853515625
0 0.2625 0.38046875 0.025048828125 0.026416015625
0 0.259375 0.3140625 0.01571044921875 0.0156982421875
0 0.29296875 0.31796875 0.02041015625 0.0203857421875
0 0.3359375 0.31796875 0.01256103515625 0.01400146484375
0 0.37890625 0.3171875 0.02034912109375 0.021826171875
0 0.41171875 0.3203125 0.02039794921875 0.01571044921875
0 0.3546875 0.3859375 0.02802734375 0.0280517578125
0 0.42421875 0.38515625 0.03125 0.0235595703125
0 0.45078125 0.31875 0.02039794921875 0.01885986328125
0 0.4890625 0.32109375 0.025048828125 0.02353515625
0 0.534375 0.3234375 0.0189453125 0.02177734375
0 0.5078125 0.3828125 0.02822265625 0.02178955078125
0 0.57890625 0.38671875 0.023583984375 0.023583984375
0 0.57421875 0.32265625 0.02030029296875 0.02030029296875
0 0.6171875 0.3265625 0.02501220703125 0.02501220703125
0 0.6609375 0.32265625 0.027978515625 0.0265380859375
0 0.67890625 0.32421875 0.01719970703125 0.01708984375
0 0.70703125 0.32578125 0.02042236328125 0.01875
0 0.75 0.32421875 0.01893310546875 0.02041015625
0 0.63984375 0.38125 0.0234375 0.0248291015625
0 0.71796875 0.384375 0.026416015625 0.02509765625
0 0.803125 0.3890625 0.0280029296875 0.02813720703125
0 0.8625 0.3859375 0.0187744140625 0.0218505859375
0 0.9328125 0.38125 0.0279296875 0.0251953125
0 0.78984375 0.32109375 0.025 0.02352294921875
0 0.82109375 0.31796875 0.02646484375 0.0236083984375
0 0.865625 0.3203125 0.02178955078125 0.0188232421875
0 0.91953125 0.33046875 0.02978515625 0.0298583984375
0 0.09453125 0.80390625 0.0173095703125 0.0173095703125
0 0.921875 0.8125 0.025048828125 0.0250732421875
0 0.92890625 0.86796875 0.026513671875 0.026513671875
0 0.87109375 0.80625 0.0172119140625 0.01865234375
0 0.865625 0.87109375 0.02794189453125 0.02333984375
0 0.8296875 0.80546875 0.0158203125 0.017236328125
0 0.13984375 0.81171875 0.03125 0.02957763671875
0 0.18671875 0.81015625 0.02958984375 0.02637939453125
0 0.21953125 0.884375 0.03271484375 0.0281005859375
0 0.23515625 0.81015625 0.0234130859375 0.02041015625
0 0.26640625 0.809375 0.0172119140625 0.018701171875
0 0.29375 0.8765625 0.0249267578125 0.02205810546875
0 0.31484375 0.8125 0.02044677734375 0.0218994140625
0 0.3546875 0.81015625 0.02177734375 0.0203125
0 0.3921875 0.8125 0.0220458984375 0.022021484375
0 0.4359375 0.81171875 0.02822265625 0.01875
0 0.46875 0.81328125 0.01875 0.0171875
0 0.503125 0.81484375 0.0188720703125 0.0141357421875
0 0.55390625 0.81328125 0.0203857421875 0.0204345703125
0 0.59296875 0.8125 0.02034912109375 0.018896484375
0 0.63125 0.8125 0.0250244140625 0.0156494140625
0 0.67578125 0.8109375 0.02333984375 0.0154541015625
0 0.70390625 0.8140625 0.01422119140625 0.01568603515625
0 0.72890625 0.81640625 0.02032470703125 0.01405029296875
0 0.7640625 0.8171875 0.021923828125 0.015673828125
0 0.80703125 0.81171875 0.0266357421875 0.021875
0 0.37890625 0.87890625 0.03271484375 0.0232666015625
0 0.44375 0.878125 0.025 0.02501220703125
0 0.5265625 0.87734375 0.02196044921875 0.0234375
0 0.60078125 0.88125 0.0203125 0.01884765625
0 0.6515625 0.8734375 0.01893310546875 0.01893310546875
0 0.72890625 0.87578125 0.0265625 0.01875
0 0.8109375 0.87578125 0.02509765625 0.023583984375