0 0.8953125 0.21484375 0.052978515625 0.05172119140625
0 0.85078125 0.14765625 0.046875 0.0423583984375
0 0.83671875 0.3359375 0.04859619140625 0.04984130859375
0 0.459375 0.18828125 0.05325927734375 0.05455322265625
0 0.56640625 0.134375 0.04234619140625 0.04378662109375
0 0.34453125 0.22109375 0.04532470703125 0.04532470703125
0 0.25625 0.31953125 0.0564453125 0.05458984375
0 0.40390625 0.290625 0.051708984375 0.0530029296875
0 0.25546875 0.428125 0.0515869140625 0.050146484375
0 0.334375 0.415625 0.05302734375 0.05323486328125
0 0.0796875 0.56015625 0.0500732421875 0.0547607421875
0 0.16953125 0.60625 0.05159912109375 0.05015869140625
0 0.3171875 0.60859375 0.05606689453125 0.053125
0 0.25390625 0.4984375 0.05771484375 0.05635986328125
0 0.5140625 0.36640625 0.05928955078125 0.06395263671875
0 0.61015625 0.353125 0.051708984375 0.0531494140625
0 0.6921875 0.62578125 0.0593994140625 0.06087646484375
0 0.7671875 0.59296875 0.06546630859375 0.064111328125
0 0.725 0.528125 0.0623291015625 0.05955810546875
0 0.8203125 0.48984375 0.065576171875 0.0670654296875
0 0.7609375 0.37890625 0.05010986328125 0.06083984375
0 0.77734375 0.2625 0.0421875 0.04071044921875
0 0.6859375 0.165625 0.04385986328125 0.04373779296875