0 0.06484375 0.14453125 0.06640625 0.11171875
0 0.040625 0.27109375 0.06875 0.12421875
0 0.05625 0.4234375 0.075 0.13828125
0 0.040625 0.66796875 0.08125 0.1796875
0 0.209375 0.125 0.07265625 0.1265625
0 0.17265625 0.25625 0.07890625 0.12421875
0 0.35078125 0.1359375 0.05625 0.10625
0 0.27578125 0.3171875 0.07265625 0.14453125
0 0.40234375 0.23125 0.0625 0.11484375
0 0.365625 0.36875 0.06875 0.11796875
0 0.17421875 0.546875 0.07265625 0.15078125
0 0.40234375 0.5546875 0.0875 0.153125
0 0.246875 0.790625 0.08515625 0.159375
0 0.45625 0.7375 0.07890625 0.14765625
0 0.528125 0.38515625 0.08125 0.16796875
0 0.50859375 0.10625 0.0625 0.12421875
0 0.56015625 0.215625 0.06640625 0.1359375
0 0.68515625 0.12265625 0.07109375 0.1328125
0 0.63359375 0.25078125 0.05859375 0.12421875
0 0.715625 0.41171875 0.08515625 0.1328125
0 0.57421875 0.50625 0.07734375 0.15625
0 0.69296875 0.69921875 0.10234375 0.17109375
0 0.76328125 0.2328125 0.07265625 0.11796875
0 0.825 0.14453125 0.0625 0.1296875
0 0.96953125 0.14140625 0.06015625 0.1296875
0 0.92109375 0.24921875 0.075 0.1328125
0 0.92265625 0.4234375 0.07890625 0.14453125
0 0.80859375 0.5984375 0.08359375 0.17734375
0 0.953125 0.6265625 0.08984375 0.15078125
0 0.90703125 0.85859375 0.10625 0.1890625