0 0.865625 0.1859375 0.04375 0.0437744140625
0 0.7984375 0.2046875 0.0344482421875 0.03446044921875
0 0.73125 0.17734375 0.040771484375 0.042236328125
0 0.6515625 0.165625 0.034375 0.034423828125
0 0.57890625 0.18203125 0.035986328125 0.035986328125
0 0.50859375 0.134375 0.04232177734375 0.04371337890625
0 0.41640625 0.1515625 0.035888671875 0.03443603515625
0 0.37578125 0.18125 0.040625 0.0468505859375
0 0.9171875 0.60625 0.04375 0.04669189453125
0 0.84296875 0.58125 0.0359619140625 0.0467529296875
0 0.796875 0.5953125 0.04998779296875 0.04998779296875
0 0.71796875 0.584375 0.04825439453125 0.06251220703125
0 0.60234375 0.58359375 0.046875 0.0546142578125
0 0.50078125 0.590625 0.0454833984375 0.046875
0 0.4046875 0.58515625 0.0532958984375 0.0546630859375
0 0.28984375 0.171875 0.0358642578125 0.0470458984375
0 0.24453125 0.1734375 0.0390625 0.0469970703125
0 0.13671875 0.1671875 0.0375 0.04375
0 0.11171875 0.5875 0.04212646484375 0.040673828125
0 0.178125 0.5796875 0.0438720703125 0.0437255859375
0 0.225 0.56875 0.0375732421875 0.0405517578125
0 0.25625 0.575 0.0376708984375 0.04052734375
0 0.31875 0.584375 0.04385986328125 0.0438232421875