0 0.45390625 0.090625 0.0671142578125 0.065673828125
0 0.559375 0.1390625 0.04072265625 0.04697265625
0 0.471875 0.19609375 0.04376220703125 0.0359375
0 0.32890625 0.23203125 0.05780029296875 0.05146484375
0 0.70390625 0.21875 0.04224853515625 0.04075927734375
0 0.81953125 0.24375 0.05784912109375 0.0563720703125
0 0.63125 0.3734375 0.06241455078125 0.06239013671875
0 0.46875 0.39375 0.05634765625 0.056396484375
0 0.384375 0.36640625 0.05302734375 0.05166015625
0 0.228125 0.39296875 0.050048828125 0.05458984375
0 0.553125 0.503125 0.0376220703125 0.03759765625
0 0.1796875 0.57578125 0.049853515625 0.05
0 0.3046875 0.6 0.062451171875 0.059423828125
0 0.55078125 0.60625 0.042333984375 0.0437744140625