0 0.1140625 0.54140625 0.05703125 0.05703125
0 0.18515625 0.5484375 0.04609375 0.06015625
0 0.27265625 0.54375 0.0421875 0.06171875
0 0.353125 0.55859375 0.040625 0.0671875
0 0.4609375 0.521875 0.05234375 0.08125
0 0.55 0.54140625 0.06015625 0.08359375
0 0.61953125 0.55 0.04765625 0.065625
0 0.68125 0.553125 0.05546875 0.06015625
0 0.784375 0.5546875 0.0453125 0.065625
0 0.871875 0.53203125 0.04375 0.065625
0 0.1390625 0.05234375 0.04921875 0.04765625
0 0.20703125 0.040625 0.0390625 0.0453125
0 0.30546875 0.0671875 0.040625 0.0421875
0 0.39765625 0.08203125 0.05390625 0.04375
0 0.46640625 0.06484375 0.04765625 0.05078125
0 0.41484375 0.1625 0.0375 0.05234375
0 0.54453125 0.08671875 0.0390625 0.05078125
0 0.6234375 0.08203125 0.04765625 0.05234375
0 0.7046875 0.07265625 0.0390625 0.05234375
0 0.77109375 0.06875 0.040625 0.05390625
0 0.86171875 0.06640625 0.0453125 0.05859375