0 0.84453125 0.45078125 0.034375 0.0358642578125
0 0.5171875 0.46796875 0.0594482421875 0.05166015625
0 0.17109375 0.47265625 0.03905029296875 0.02657470703125
0 0.22578125 0.4734375 0.048388671875 0.04693603515625
0 0.28984375 0.48203125 0.0454345703125 0.0454345703125
0 0.3578125 0.48046875 0.0438720703125 0.045166015625
0 0.43359375 0.4828125 0.04833984375 0.04696044921875
0 0.59609375 0.48984375 0.04541015625 0.04833984375
0 0.66171875 0.48046875 0.05146484375 0.05146484375
0 0.72265625 0.48203125 0.0453125 0.0453125
0 0.7828125 0.46171875 0.0376708984375 0.039013671875