0 0.88671875 0.30703125 0.04765625 0.09453125
0 0.8046875 0.2421875 0.0609375 0.1296875
0 0.775 0.52421875 0.053125 0.09140625
0 0.140625 0.2703125 0.05703125 0.109375
0 0.2421875 0.25703125 0.059375 0.10625
0 0.2296875 0.403125 0.04140625 0.0859375
0 0.38671875 0.19296875 0.03671875 0.084375
0 0.53515625 0.27265625 0.04765625 0.1015625
0 0.4390625 0.33671875 0.0328125 0.075
0 0.3546875 0.521875 0.06171875 0.090625
0 0.6609375 0.2109375 0.04296875 0.08828125
0 0.6453125 0.37421875 0.0515625 0.1109375