0 0.08515625 0.565625 0.02030029296875 0.04998779296875
0 0.1203125 0.5390625 0.043798828125 0.043798828125
0 0.1609375 0.3765625 0.04072265625 0.040771484375
0 0.184375 0.4453125 0.0374755859375 0.037548828125
0 0.17109375 0.553125 0.0234619140625 0.0469970703125
0 0.190625 0.615625 0.0343994140625 0.0343994140625
0 0.2296875 0.69453125 0.0468017578125 0.04541015625
0 0.20546875 0.3359375 0.03599853515625 0.03743896484375
0 0.2234375 0.2859375 0.0219970703125 0.05625
0 0.28515625 0.26171875 0.03916015625 0.03916015625
0 0.2390625 0.375 0.0375732421875 0.0375732421875
0 0.26640625 0.33203125 0.0359375 0.0359375
0 0.2828125 0.39296875 0.0499755859375 0.04859619140625
0 0.2734375 0.51484375 0.0219970703125 0.0609375
0 0.31640625 0.2921875 0.0234375 0.059423828125
0 0.3046875 0.3515625 0.0345458984375 0.0345703125
0 0.3703125 0.26796875 0.03115234375 0.0625
0 0.40390625 0.29921875 0.03602294921875 0.03897705078125
0 0.31171875 0.4265625 0.02967529296875 0.05330810546875
0 0.34609375 0.4171875 0.0375 0.03748779296875
0 0.38359375 0.3984375 0.04544677734375 0.0467041015625
0 0.3453125 0.59375 0.02803955078125 0.05330810546875
0 0.3765625 0.55078125 0.04072265625 0.0421875
0 0.39765625 0.46875 0.03597412109375 0.03453369140625
0 0.4015625 0.59375 0.037451171875 0.0373779296875
0 0.43984375 0.346875 0.0359130859375 0.0343994140625
0 0.4578125 0.271875 0.05294189453125 0.05008544921875
0 0.48515625 0.32578125 0.0484375 0.0484130859375
0 0.52109375 0.28984375 0.03271484375 0.0640625
0 0.53984375 0.35390625 0.03897705078125 0.0375
0 0.47109375 0.5421875 0.0391845703125 0.0405029296875
0 0.5078125 0.534375 0.034423828125 0.0344970703125
0 0.45625 0.61015625 0.0435546875 0.0422607421875
0 0.46875 0.6890625 0.02811279296875 0.03106689453125
0 0.546875 0.58203125 0.03746337890625 0.03597412109375
0 0.5859375 0.6171875 0.040478515625 0.0404541015625
0 0.58359375 0.3125 0.0265625 0.0592041015625
0 0.609375 0.27265625 0.0281005859375 0.0625
0 0.63984375 0.30546875 0.0328125 0.03282470703125
0 0.66484375 0.328125 0.03916015625 0.0376953125
0 0.69921875 0.259375 0.02666015625 0.05330810546875
0 0.75234375 0.27265625 0.02333984375 0.0485107421875
0 0.76875 0.3046875 0.04061279296875 0.0406494140625
0 0.81484375 0.32109375 0.042041015625 0.0420654296875
0 0.85625 0.38984375 0.0470458984375 0.04830322265625
0 0.7234375 0.3390625 0.037646484375 0.0375732421875
0 0.5984375 0.39609375 0.04365234375 0.04375
0 0.66875 0.4203125 0.0281494140625 0.0593505859375
0 0.7171875 0.40078125 0.040771484375 0.0420654296875
0 0.76484375 0.38828125 0.0454345703125 0.0454345703125
0 0.7984375 0.4078125 0.0405517578125 0.03768310546875
0 0.83828125 0.49765625 0.0203125 0.0609375
0 0.8921875 0.51875 0.0279541015625 0.05947265625
0 0.696875 0.5328125 0.05009765625 0.0501220703125
0 0.6671875 0.578125 0.04071044921875 0.04071044921875
0 0.61640625 0.66328125 0.05792236328125 0.05792236328125
0 0.753125 0.56328125 0.0406005859375 0.042041015625
0 0.81484375 0.64140625 0.04228515625 0.04228515625
0 0.84296875 0.5796875 0.03892822265625 0.037451171875