0 0.14609375 0.06328125 0.0483642578125 0.048388671875
0 0.2640625 0.1046875 0.0469970703125 0.0469970703125
0 0.43203125 0.1203125 0.03604736328125 0.03446044921875
0 0.74921875 0.08828125 0.040625 0.040625
0 0.89921875 0.08671875 0.040625 0.040625
0 0.09296875 0.36484375 0.042138671875 0.042138671875
0 0.19609375 0.3453125 0.03587646484375 0.03441162109375
0 0.590625 0.3171875 0.046826171875 0.0468505859375
0 0.4484375 0.37109375 0.0406982421875 0.0421875
0 0.60859375 0.4109375 0.04833984375 0.0375244140625
0 0.815625 0.3078125 0.04991455078125 0.0436279296875
0 0.1796875 0.7015625 0.0499755859375 0.04383544921875
0 0.428125 0.60625 0.0439453125 0.0439453125
0 0.50625 0.590625 0.03751220703125 0.03751220703125
0 0.60234375 0.61015625 0.05137939453125 0.04512939453125
0 0.82890625 0.70078125 0.04853515625 0.04853515625
0 0.215625 0.79296875 0.0686279296875 0.067138671875
0 0.49375 0.84609375 0.0406494140625 0.042138671875
0 0.865625 0.7921875 0.0531982421875 0.0531982421875
0 0.93125 0.8640625 0.053076171875 0.0530517578125