0 0.91015625 0.33671875 0.07958984375 0.07958984375
0 0.82578125 0.33203125 0.0639404296875 0.063916015625
0 0.77109375 0.30859375 0.0609619140625 0.0579833984375
0 0.125 0.31015625 0.074853515625 0.07337646484375
0 0.16640625 0.4125 0.0640625 0.07205810546875
0 0.28984375 0.32421875 0.05166015625 0.0640625
0 0.25625 0.41171875 0.071875 0.071875
0 0.3171875 0.39921875 0.0716796875 0.0765625
0 0.40078125 0.31796875 0.05789794921875 0.059375
0 0.40703125 0.3984375 0.070166015625 0.068896484375
0 0.46875 0.3828125 0.0657470703125 0.06572265625
0 0.51953125 0.309375 0.06708984375 0.05947265625
0 0.53984375 0.36875 0.06728515625 0.06580810546875
0 0.61171875 0.36875 0.06083984375 0.084521484375
0 0.69375 0.31484375 0.0749267578125 0.073486328125
0 0.71171875 0.3734375 0.06103515625 0.0844482421875