0 0.09609375 0.05703125 0.1453369140625 0.1078125
0 0.25390625 0.06015625 0.12017822265625 0.120166015625
0 0.4203125 0.059375 0.128125 0.11875
0 0.57421875 0.05546875 0.1171875 0.1109375
0 0.74921875 0.05625 0.13592529296875 0.1124755859375
0 0.903125 0.06484375 0.134375 0.1296875
0 0.0984375 0.19609375 0.1093017578125 0.110791015625
0 0.25546875 0.2015625 0.1109375 0.1095703125
0 0.41953125 0.190625 0.10467529296875 0.0688720703125
0 0.5859375 0.19609375 0.13126220703125 0.08924560546875
0 0.74375 0.1953125 0.0938720703125 0.0812744140625
0 0.90546875 0.19765625 0.10467529296875 0.10467529296875
0 0.09296875 0.34453125 0.1125 0.08896484375
0 0.25 0.34140625 0.1092041015625 0.1079345703125
0 0.4171875 0.3359375 0.096875 0.09688720703125
0 0.584375 0.33671875 0.106103515625 0.104833984375
0 0.74609375 0.34296875 0.107763671875 0.1077392578125
0 0.9078125 0.33515625 0.1001220703125 0.101416015625
0 0.0921875 0.48359375 0.12508544921875 0.09542236328125
0 0.25625 0.48671875 0.1000244140625 0.1
0 0.415625 0.471875 0.11268310546875 0.11268310546875
0 0.57890625 0.4828125 0.1267333984375 0.0875244140625
0 0.74765625 0.4828125 0.12646484375 0.09072265625
0 0.9109375 0.4859375 0.1094482421875 0.10948486328125
0 0.090625 0.621875 0.11241455078125 0.11240234375
0 0.25 0.625 0.118701171875 0.1186767578125
0 0.42421875 0.61953125 0.11727294921875 0.11727294921875
0 0.58515625 0.62421875 0.1264404296875 0.1264404296875
0 0.74375 0.62578125 0.12808837890625 0.12659912109375
0 0.91015625 0.62421875 0.1234375 0.1234375
0 0.09453125 0.76484375 0.1046875 0.1048095703125
0 0.2609375 0.76484375 0.134423828125 0.0875
0 0.43359375 0.7640625 0.107861328125 0.1064208984375
0 0.59140625 0.76640625 0.12354736328125 0.12354736328125
0 0.75 0.76171875 0.1251708984375 0.096875
0 0.91640625 0.76484375 0.13272705078125 0.13272705078125
0 0.1015625 0.90078125 0.1220703125 0.1233154296875
0 0.2625 0.90546875 0.12822265625 0.1295654296875
0 0.42734375 0.90625 0.16416015625 0.115771484375
0 0.58671875 0.90234375 0.113916015625 0.113916015625
0 0.753125 0.9078125 0.14365234375 0.11251220703125