0 0.125 0.12578125 0.25 0.2515625
0 0.37578125 0.12109375 0.2234375 0.2234375
0 0.621875 0.121875 0.2435546875 0.2435546875
0 0.8734375 0.12890625 0.19981689453125 0.25467529296875
0 0.12109375 0.37109375 0.22666015625 0.2451904296875
0 0.371875 0.37734375 0.221728515625 0.2516357421875
0 0.61875 0.37109375 0.215673828125 0.2392333984375
0 0.8765625 0.37890625 0.225 0.2234619140625
0 0.12265625 0.6296875 0.2453125 0.26875
0 0.38046875 0.6140625 0.22666015625 0.22802734375
0 0.63203125 0.62734375 0.240625 0.23924560546875
0 0.8765625 0.61875 0.246875 0.25625
0 0.12109375 0.875 0.22325439453125 0.2310546875
0 0.38046875 0.875 0.2201416015625 0.2407958984375
0 0.6234375 0.87890625 0.2375244140625 0.23890380859375
0 0.88046875 0.88046875 0.234375 0.234375