0 0.3671875 0.12734375 0.10010986328125 0.0921875
0 0.56328125 0.15859375 0.08924560546875 0.09219970703125
0 0.4578125 0.27421875 0.08748779296875 0.0875
0 0.32265625 0.3109375 0.0875 0.09385986328125
0 0.6359375 0.24453125 0.09052734375 0.08916015625
0 0.70390625 0.3453125 0.08603515625 0.08739013671875
0 0.73515625 0.45 0.07325439453125 0.08106689453125
0 0.6140625 0.5359375 0.09669189453125 0.0908203125
0 0.565625 0.39765625 0.0592041015625 0.05787353515625
0 0.4359375 0.596875 0.08759765625 0.0874755859375
0 0.3015625 0.6171875 0.10303955078125 0.1123291015625