0 0.15703125 0.10390625 0.05703125 0.03359375
0 0.2765625 0.05078125 0.05078125 0.02734375
0 0.2859375 0.1078125 0.03671875 0.02734375
0 0.3765625 0.0578125 0.046875 0.03125
0 0.52109375 0.05390625 0.0453125 0.02734375
0 0.621875 0.053125 0.0390625 0.03359375
0 0.7421875 0.04921875 0.034375 0.0296875
0 0.4296875 0.103125 0.0390625 0.03125
0 0.3359375 0.1875 0.046875 0.0359375
0 0.49921875 0.1890625 0.05546875 0.03359375
0 0.55625 0.1015625 0.0390625 0.03125
0 0.7015625 0.10078125 0.0390625 0.034375
0 0.796875 0.1 0.0453125 0.02734375
0 0.64453125 0.18203125 0.046875 0.0359375
0 0.23203125 0.37890625 0.05546875 0.03203125
0 0.1734375 0.39765625 0.04921875 0.03203125
0 0.29140625 0.3984375 0.03046875 0.025
0 0.15859375 0.45078125 0.04296875 0.01953125
0 0.26328125 0.4375 0.0453125 0.03125
0 0.35234375 0.3828125 0.0390625 0.03203125
0 0.3546875 0.415625 0.046875 0.0359375
0 0.41640625 0.3984375 0.02890625 0.025
0 0.459375 0.36796875 0.0453125 0.03203125
0 0.465625 0.440625 0.0453125 0.0359375
0 0.50859375 0.39765625 0.040625 0.02734375
0 0.57421875 0.3765625 0.040625 0.0359375
0 0.6046875 0.39609375 0.040625 0.0296875
0 0.6703125 0.378125 0.0453125 0.0296875
0 0.71796875 0.38984375 0.034375 0.02890625
0 0.65859375 0.40703125 0.04296875 0.0359375
0 0.79453125 0.38125 0.0453125 0.0296875
0 0.75234375 0.41796875 0.05078125 0.03671875
0 0.86015625 0.434375 0.0453125 0.03203125
0 0.89375 0.515625 0.05546875 0.03359375
0 0.7578125 0.515625 0.0453125 0.0359375
0 0.62734375 0.5109375 0.04921875 0.03828125
0 0.52890625 0.5203125 0.065625 0.0390625
0 0.3953125 0.51953125 0.05546875 0.0390625
0 0.25703125 0.5234375 0.053125 0.0359375
0 0.08984375 0.5078125 0.0609375 0.04140625
0 0.56796875 0.43828125 0.0453125 0.0359375
0 0.2765625 0.7328125 0.05546875 0.03359375
0 0.3421875 0.740625 0.0390625 0.02421875
0 0.4390625 0.7421875 0.03671875 0.02734375
0 0.5296875 0.73828125 0.0390625 0.0265625
0 0.61875 0.73203125 0.03671875 0.03203125
0 0.72734375 0.725 0.03671875 0.02734375
0 0.23828125 0.78046875 0.05546875 0.0265625
0 0.328125 0.7890625 0.04296875 0.034375
0 0.45859375 0.79609375 0.05546875 0.03671875
0 0.515625 0.8109375 0.05546875 0.0390625
0 0.61796875 0.784375 0.05078125 0.04140625
0 0.70546875 0.7734375 0.059375 0.04375
0 0.79765625 0.7734375 0.05546875 0.034375