0 0.38203125 0.17265625 0.0953857421875 0.0953857421875
0 0.53828125 0.2890625 0.09547119140625 0.0969482421875
0 0.40390625 0.28359375 0.08270263671875 0.11424560546875
0 0.19609375 0.1859375 0.08577880859375 0.0843017578125
0 0.171875 0.04453125 0.071875 0.0890625
0 0.05234375 0.14921875 0.0858642578125 0.084375
0 0.76328125 0.053125 0.09539794921875 0.09998779296875
0 0.96484375 0.09921875 0.0703125 0.0828125
0 0.82421875 0.190625 0.12030029296875 0.14044189453125
0 0.603125 0.18515625 0.1185546875 0.13583984375
0 0.96953125 0.32734375 0.0609375 0.0703125
0 0.0390625 0.2828125 0.078125 0.09375