0 0.121875 0.17109375 0.06884765625 0.13282470703125
0 0.24921875 0.60625 0.073583984375 0.07486572265625
0 0.9484375 0.2265625 0.040625 0.08740234375
0 0.8859375 0.17734375 0.059326171875 0.060791015625
0 0.86015625 0.23828125 0.059375 0.059375
0 0.8203125 0.23046875 0.0593017578125 0.0578125
0 0.7875 0.28984375 0.062451171875 0.0625
0 0.74765625 0.23984375 0.067041015625 0.067041015625
0 0.69765625 0.29140625 0.079541015625 0.0795166015625
0 0.65703125 0.3046875 0.0484375 0.0970458984375
0 0.57890625 0.37265625 0.05 0.1125
0 0.5171875 0.42109375 0.0716796875 0.070263671875
0 0.434375 0.42265625 0.0438232421875 0.08125
0 0.3734375 0.4515625 0.06865234375 0.0656982421875
0 0.3 0.540625 0.07197265625 0.0719970703125