0 0.8359375 0.384375 0.059326171875 0.059521484375
0 0.84296875 0.5640625 0.040625 0.05938720703125
0 0.80390625 0.484375 0.04237060546875 0.0814453125
0 0.75390625 0.3859375 0.04541015625 0.0843994140625
0 0.684375 0.253125 0.065576171875 0.0655517578125
0 0.68125 0.45078125 0.0376708984375 0.0875
0 0.6359375 0.29921875 0.06544189453125 0.0640625
0 0.57578125 0.35234375 0.0421875 0.075
0 0.4984375 0.4953125 0.04365234375 0.08134765625
0 0.4953125 0.309375 0.05633544921875 0.0563232421875
0 0.421875 0.55859375 0.0594482421875 0.0608642578125
0 0.40078125 0.48984375 0.0421875 0.07333984375
0 0.34765625 0.5375 0.04208984375 0.07823486328125
0 0.37734375 0.3078125 0.051611328125 0.05306396484375
0 0.41484375 0.22890625 0.0375 0.06094970703125
0 0.29453125 0.371875 0.0764892578125 0.0779541015625
0 0.25859375 0.48671875 0.05166015625 0.05166015625
0 0.31875 0.2171875 0.0562255859375 0.0591796875
0 0.28359375 0.21875 0.05162353515625 0.050146484375
0 0.23046875 0.303125 0.0545654296875 0.053125
0 0.165625 0.315625 0.0718994140625 0.0718505859375