0 0.12109375 0.12109375 0.2421875 0.2421875
0 0.37578125 0.12109375 0.22958984375 0.22958984375
0 0.621875 0.121875 0.24052734375 0.24052734375
0 0.8734375 0.12890625 0.24078369140625 0.24222412109375
0 0.12109375 0.37109375 0.2265625 0.2265380859375
0 0.371875 0.37734375 0.253125 0.2515869140625
0 0.61875 0.37109375 0.23115234375 0.2326416015625
0 0.8765625 0.37890625 0.2374755859375 0.23597412109375
0 0.1234375 0.62890625 0.246875 0.2578125
0 0.38046875 0.6140625 0.22353515625 0.22490234375
0 0.63203125 0.62734375 0.24228515625 0.24227294921875
0 0.88125 0.61875 0.2375 0.2375
0 0.12109375 0.875 0.24205322265625 0.240771484375
0 0.38046875 0.875 0.2421630859375 0.2406494140625
0 0.6234375 0.87890625 0.2218017578125 0.22034912109375
0 0.88046875 0.88046875 0.22978515625 0.22978515625