0 0.96796875 0.03515625 0.0515625 0.059375
0 0.915625 0.20078125 0.0484375 0.04921875
0 0.93359375 0.3234375 0.0453125 0.059375
0 0.9328125 0.48359375 0.046875 0.06640625
0 0.9578125 0.62734375 0.0453125 0.04921875
0 0.93671875 0.76875 0.0515625 0.05625
0 0.9546875 0.9140625 0.04296875 0.0609375
0 0.6515625 0.0640625 0.03984375 0.05390625
0 0.53046875 0.0609375 0.03671875 0.059375
0 0.36328125 0.04921875 0.0453125 0.059375
0 0.209375 0.05234375 0.05546875 0.05625
0 0.08515625 0.0734375 0.0484375 0.05625
0 0.0484375 0.190625 0.03125 0.05625
0 0.21015625 0.1875 0.046875 0.046875
0 0.36484375 0.18515625 0.04296875 0.059375
0 0.071875 0.34140625 0.05703125 0.071875
0 0.21328125 0.33515625 0.0484375 0.04921875
0 0.0859375 0.4703125 0.03984375 0.05078125
0 0.19296875 0.490625 0.03671875 0.05234375
0 0.07734375 0.63125 0.05 0.0578125
0 0.23515625 0.6140625 0.0453125 0.0578125
0 0.04609375 0.77421875 0.03984375 0.046875
0 0.23203125 0.765625 0.05546875 0.06484375
0 0.50234375 0.2390625 0.0453125 0.059375
0 0.6390625 0.2 0.03828125 0.0609375
0 0.78984375 0.18515625 0.03828125 0.04921875
0 0.65078125 0.33671875 0.0453125 0.059375
0 0.50703125 0.3421875 0.0515625 0.0625
0 0.365625 0.33359375 0.04140625 0.06640625
0 0.36328125 0.47890625 0.04140625 0.05625
0 0.509375 0.4671875 0.0453125 0.04375
0 0.65703125 0.471875 0.03671875 0.05234375
0 0.80078125 0.47734375 0.04296875 0.0578125
0 0.3765625 0.6234375 0.046875 0.05625
0 0.50625 0.63046875 0.0328125 0.0421875
0 0.65 0.63125 0.05703125 0.05078125
0 0.79453125 0.62265625 0.05859375 0.05390625
0 0.365625 0.76953125 0.0453125 0.05078125
0 0.51875 0.7671875 0.05390625 0.05390625
0 0.6734375 0.75390625 0.0453125 0.05390625
0 0.81328125 0.76640625 0.05390625 0.059375
0 0.071875 0.92734375 0.05 0.06640625
0 0.19765625 0.91796875 0.05546875 0.0609375
0 0.38125 0.92890625 0.0453125 0.05625
0 0.4875 0.9046875 0.05 0.04921875
0 0.65625 0.96875 0.0453125 0.03671875
0 0.80078125 0.92109375 0.04296875 0.05078125
0 0.7875 0.03671875 0.05859375 0.06640625
0 0.79140625 0.328125 0.05859375 0.059375