0 0.9140625 0.309375 0.0578125 0.1109375
0 0.9171875 0.41015625 0.0484375 0.075
0 0.86484375 0.39140625 0.04375 0.0921875
0 0.8046875 0.3359375 0.0515625 0.096875
0 0.725 0.39765625 0.0453125 0.08984375
0 0.728125 0.68203125 0.046875 0.08671875
0 0.6296875 0.31953125 0.046875 0.0921875
0 0.55859375 0.37578125 0.046875 0.09453125
0 0.5609375 0.50859375 0.03515625 0.075
0 0.48515625 0.284375 0.0546875 0.11328125
0 0.42734375 0.36953125 0.0390625 0.0921875
0 0.359375 0.62890625 0.0390625 0.0921875
0 0.4515625 0.5984375 0.03515625 0.0796875
0 0.35390625 0.32890625 0.04375 0.0921875
0 0.27890625 0.3671875 0.0453125 0.08203125
0 0.30234375 0.484375 0.03359375 0.05546875
0 0.18671875 0.353125 0.03515625 0.07734375
0 0.1203125 0.35390625 0.040625 0.075
0 0.071875 0.3328125 0.05 0.10859375