0 0.88671875 0.39375 0.0640625 0.0655517578125
0 0.1703125 0.3828125 0.0658203125 0.068603515625
0 0.228125 0.3734375 0.0561279296875 0.056201171875
0 0.23203125 0.44765625 0.06387939453125 0.06103515625
0 0.78828125 0.4109375 0.06715087890625 0.0685791015625
0 0.31171875 0.37890625 0.0548583984375 0.0576416015625
0 0.2984375 0.4390625 0.05321044921875 0.05321044921875
0 0.2875 0.52265625 0.0625244140625 0.0640380859375
0 0.35625 0.4375 0.05008544921875 0.05008544921875
0 0.38203125 0.3859375 0.05482177734375 0.05631103515625
0 0.35234375 0.53203125 0.051513671875 0.051513671875
0 0.41484375 0.53828125 0.05479736328125 0.05457763671875
0 0.45078125 0.4953125 0.054736328125 0.0562255859375
0 0.4640625 0.37734375 0.053173828125 0.0516845703125
0 0.5671875 0.35390625 0.05308837890625 0.05455322265625
0 0.5234375 0.45625 0.0531982421875 0.0532470703125
0 0.57421875 0.4390625 0.0546142578125 0.053173828125
0 0.62265625 0.4109375 0.03125 0.0719482421875
0 0.65859375 0.39609375 0.04853515625 0.05137939453125
0 0.6859375 0.45546875 0.0501708984375 0.051611328125
0 0.73359375 0.45234375 0.0451416015625 0.0734130859375