0 0.25390625 0.2125 0.05477294921875 0.08134765625
0 0.378125 0.28671875 0.0560791015625 0.09832763671875
0 0.484375 0.31171875 0.0593994140625 0.05791015625
0 0.596875 0.30078125 0.0689208984375 0.08897705078125
0 0.828125 0.17109375 0.081396484375 0.0828857421875
0 0.71640625 0.32109375 0.0671142578125 0.065625
0 0.815625 0.60390625 0.0811767578125 0.082666015625
0 0.6125 0.6234375 0.0625732421875 0.0841796875
0 0.52578125 0.54375 0.059375 0.08143310546875
0 0.34140625 0.6125 0.0577880859375 0.0810546875
0 0.26640625 0.50390625 0.0641357421875 0.064111328125