0 0.09921875 0.3875 0.0732666015625 0.074853515625
0 0.22734375 0.38359375 0.065625 0.05789794921875
0 0.1015625 0.33359375 0.062353515625 0.06109619140625
0 0.26171875 0.34296875 0.063916015625 0.06390380859375
0 0.41875 0.3515625 0.0654541015625 0.0624755859375
0 0.3828125 0.3984375 0.0563232421875 0.0593017578125
0 0.33359375 0.51171875 0.0734375 0.0704833984375
0 0.47734375 0.49609375 0.0764892578125 0.0736083984375
0 0.51015625 0.3859375 0.05625 0.0624755859375
0 0.5375 0.31484375 0.0623291015625 0.0641845703125
0 0.634375 0.38046875 0.059326171875 0.06077880859375
0 0.62734375 0.49609375 0.073486328125 0.0734619140625
0 0.70546875 0.3140625 0.0517333984375 0.0625244140625
0 0.7765625 0.37578125 0.07490234375 0.0734619140625
0 0.85390625 0.34921875 0.0514892578125 0.0485107421875
0 0.89921875 0.38203125 0.07022705078125 0.06727294921875