0 0.10078125 0.2421875 0.061083984375 0.062353515625
0 0.2 0.24609375 0.065478515625 0.064208984375
0 0.31171875 0.28515625 0.064111328125 0.064111328125
0 0.396875 0.3234375 0.04698486328125 0.07822265625
0 0.43125 0.28046875 0.0562744140625 0.0577880859375
0 0.53984375 0.28828125 0.0422119140625 0.07958984375
0 0.4859375 0.44921875 0.075 0.076513671875
0 0.59140625 0.32109375 0.05 0.09521484375
0 0.70390625 0.31328125 0.04833984375 0.090625
0 0.8125 0.2765625 0.0685546875 0.0658203125
0 0.9203125 0.228125 0.0845703125 0.0873046875