0 0.09921875 0.3875 0.0701416015625 0.071728515625
0 0.22734375 0.38359375 0.064013671875 0.06400146484375
0 0.1015625 0.33359375 0.065673828125 0.06715087890625
0 0.26171875 0.34296875 0.059375 0.0640380859375
0 0.41875 0.3515625 0.06856689453125 0.06561279296875
0 0.3828125 0.3984375 0.0564208984375 0.0593994140625
0 0.33359375 0.51171875 0.07041015625 0.0701904296875
0 0.47734375 0.49609375 0.0578369140625 0.0796630859375
0 0.51015625 0.3859375 0.05458984375 0.0594482421875
0 0.5375 0.31484375 0.06265869140625 0.06392822265625
0 0.634375 0.38046875 0.05625 0.0577880859375
0 0.62734375 0.49609375 0.06875 0.07645263671875
0 0.70546875 0.3140625 0.0577392578125 0.0563232421875
0 0.7765625 0.37578125 0.0720703125 0.0733642578125
0 0.85390625 0.34921875 0.0451416015625 0.0639404296875
0 0.89921875 0.38203125 0.0672119140625 0.0642333984375