0 0.43828125 0.05859375 0.061083984375 0.061083984375
0 0.2890625 0.17421875 0.05325927734375 0.05452880859375
0 0.640625 0.284375 0.0625732421875 0.0623291015625
0 0.8546875 0.471875 0.0719482421875 0.07491455078125
0 0.61953125 0.5171875 0.0703369140625 0.06884765625
0 0.5078125 0.56328125 0.05322265625 0.05458984375
0 0.4 0.55625 0.0531005859375 0.0593017578125
0 0.3171875 0.57421875 0.0623291015625 0.060888671875
0 0.225 0.58203125 0.04697265625 0.05479736328125
0 0.11171875 0.565625 0.051416015625 0.0499267578125
0 0.3171875 0.7265625 0.0717529296875 0.06563720703125