0 0.09609375 0.05703125 0.14296875 0.103125
0 0.25390625 0.06015625 0.134375 0.096875
0 0.42109375 0.05546875 0.13984375 0.09453125
0 0.575 0.053125 0.12890625 0.09140625
0 0.74921875 0.05625 0.1265625 0.0984375
0 0.90390625 0.06328125 0.15625 0.096875
0 0.0984375 0.19609375 0.1265625 0.0796875
0 0.25546875 0.2015625 0.13203125 0.08671875
0 0.41953125 0.190625 0.10390625 0.07109375
0 0.5859375 0.19609375 0.12890625 0.08515625
0 0.74375 0.1953125 0.0875 0.07265625
0 0.90546875 0.19765625 0.109375 0.08515625
0 0.09296875 0.34453125 0.109375 0.084375
0 0.25 0.34140625 0.12109375 0.08515625
0 0.4171875 0.3359375 0.109375 0.07265625
0 0.584375 0.33671875 0.115625 0.0796875
0 0.74609375 0.34296875 0.13203125 0.0828125
0 0.9078125 0.33515625 0.12109375 0.07109375
0 0.0921875 0.48359375 0.11796875 0.08671875
0 0.25625 0.48671875 0.10703125 0.08671875
0 0.415625 0.471875 0.11796875 0.08984375
0 0.57890625 0.4828125 0.1265625 0.08515625
0 0.74765625 0.4828125 0.1234375 0.08828125
0 0.9109375 0.4859375 0.115625 0.09140625
0 0.090625 0.621875 0.1265625 0.09453125
0 0.25 0.625 0.13203125 0.09140625
0 0.42421875 0.61953125 0.12890625 0.08828125
0 0.58515625 0.62421875 0.1390625 0.09765625
0 0.74375 0.62578125 0.1546875 0.09453125
0 0.91015625 0.62421875 0.1234375 0.10078125
0 0.09453125 0.76484375 0.1140625 0.0796875
0 0.2609375 0.76484375 0.1328125 0.08671875
0 0.43359375 0.7640625 0.1265625 0.08828125
0 0.59140625 0.76640625 0.1390625 0.08984375
0 0.75 0.76171875 0.1234375 0.09609375
0 0.91640625 0.76484375 0.1421875 0.10234375
0 0.1015625 0.90078125 0.1484375 0.08984375
0 0.2625 0.90546875 0.1546875 0.09296875
0 0.42734375 0.90625 0.15703125 0.1046875
0 0.58671875 0.90234375 0.1234375 0.09296875
0 0.753125 0.9078125 0.1359375 0.10078125