0 0.87734375 0.55546875 0.045263671875 0.045263671875
0 0.84765625 0.49765625 0.040625 0.04375
0 0.809375 0.3890625 0.0375244140625 0.03751220703125
0 0.7828125 0.5296875 0.04071044921875 0.04071044921875
0 0.171875 0.40546875 0.03455810546875 0.0359375
0 0.1640625 0.45703125 0.0345458984375 0.03299560546875
0 0.13828125 0.53828125 0.0360107421875 0.0375
0 0.2265625 0.5265625 0.04383544921875 0.04384765625
0 0.27734375 0.3984375 0.03607177734375 0.03736572265625
0 0.3328125 0.53125 0.03760986328125 0.03760986328125
0 0.3578125 0.603125 0.0408203125 0.05018310546875
0 0.41875 0.53125 0.04373779296875 0.04376220703125
0 0.421875 0.59296875 0.04046630859375 0.03900146484375
0 0.5046875 0.54453125 0.03436279296875 0.02969970703125
0 0.56640625 0.628125 0.032958984375 0.03421630859375
0 0.578125 0.52265625 0.0437744140625 0.0423095703125
0 0.6921875 0.51953125 0.040625 0.040625
0 0.34453125 0.4203125 0.0266357421875 0.0280517578125
0 0.415625 0.3984375 0.0312255859375 0.034326171875
0 0.47578125 0.38125 0.032763671875 0.0342529296875
0 0.596875 0.40234375 0.0314208984375 0.0328125
0 0.6765625 0.39609375 0.03121337890625 0.02972412109375
0 0.73671875 0.41484375 0.0265625 0.0265625