0 0.4859375 0.71171875 0.0562744140625 0.05164794921875
0 0.58125 0.61796875 0.04383544921875 0.04521484375
0 0.4046875 0.6140625 0.04376220703125 0.03760986328125
0 0.38046875 0.49921875 0.042138671875 0.042138671875
0 0.51640625 0.48828125 0.03609619140625 0.036083984375
0 0.6453125 0.51640625 0.0375 0.0360107421875
0 0.68828125 0.42734375 0.04375 0.03583984375
0 0.584375 0.4359375 0.0314453125 0.03133544921875
0 0.421875 0.43203125 0.03441162109375 0.03297119140625
0 0.3140625 0.40703125 0.034375 0.02657470703125
0 0.5296875 0.390625 0.03114013671875 0.03135986328125
0 0.7296875 0.33359375 0.0342041015625 0.032763671875
0 0.6140625 0.32109375 0.03134765625 0.03271484375
0 0.51796875 0.296875 0.032958984375 0.0342041015625
0 0.4453125 0.33984375 0.03427734375 0.0359375
0 0.33671875 0.3625 0.03277587890625 0.03128662109375
0 0.2609375 0.31171875 0.025146484375 0.026416015625
0 0.1125 0.1046875 0.01884765625 0.0188720703125
0 0.128125 0.1609375 0.02197265625 0.022021484375
0 0.19609375 0.12109375 0.025 0.025
0 0.2328125 0.09921875 0.02177734375 0.0267333984375
0 0.21015625 0.1609375 0.0234619140625 0.025
0 0.1890625 0.2140625 0.0220703125 0.0248291015625
0 0.23046875 0.25703125 0.026513671875 0.026513671875
0 0.284375 0.20859375 0.02509765625 0.0265380859375
0 0.3421875 0.19296875 0.015673828125 0.0171630859375
0 0.3 0.284375 0.0251708984375 0.02813720703125
0 0.3625 0.23515625 0.025 0.02353515625
0 0.2703125 0.13203125 0.0251708984375 0.0232666015625
0 0.3515625 0.15546875 0.025048828125 0.023583984375
0 0.334375 0.1 0.02490234375 0.0219482421875
0 0.4109375 0.10390625 0.027978515625 0.0267333984375
0 0.43046875 0.16953125 0.023388671875 0.023388671875
0 0.446875 0.13359375 0.02493896484375 0.02347412109375
0 0.4859375 0.10078125 0.022021484375 0.02349853515625
0 0.45390625 0.2265625 0.0265625 0.025146484375
0 0.48671875 0.2078125 0.02642822265625 0.02515869140625
0 0.52265625 0.12890625 0.0236083984375 0.0236083984375
0 0.57109375 0.10859375 0.026708984375 0.02669677734375
0 0.59375 0.14609375 0.02193603515625 0.02337646484375
0 0.59453125 0.18828125 0.02666015625 0.02666015625
0 0.55390625 0.23125 0.02333984375 0.02197265625
0 0.53671875 0.26484375 0.032763671875 0.03275146484375
0 0.65234375 0.10859375 0.02021484375 0.02637939453125
0 0.66015625 0.15234375 0.026416015625 0.026416015625
0 0.63671875 0.23984375 0.02652587890625 0.026513671875
0 0.6484375 0.26796875 0.031103515625 0.02962646484375
0 0.69921875 0.20546875 0.021875 0.025
0 0.73125 0.2296875 0.02508544921875 0.03123779296875
0 0.75859375 0.27421875 0.03291015625 0.0327880859375
0 0.7296875 0.15234375 0.0250244140625 0.026513671875
0 0.73515625 0.10703125 0.0264892578125 0.0295166015625
0 0.809375 0.11875 0.025 0.025
0 0.87265625 0.1234375 0.021875 0.0218994140625
0 0.84140625 0.14609375 0.026416015625 0.02640380859375
0 0.784375 0.1875 0.02802734375 0.0280029296875
0 0.809375 0.20546875 0.027978515625 0.0266845703125