0 0.09765625 0.09453125 0.1202880859375 0.1483642578125
0 0.29296875 0.0859375 0.136083984375 0.137548828125
0 0.49296875 0.0875 0.115625 0.16240234375
0 0.10390625 0.30546875 0.1078369140625 0.1078369140625
0 0.30234375 0.3109375 0.10146484375 0.14044189453125
0 0.50859375 0.30390625 0.12347412109375 0.123486328125
0 0.69921875 0.1 0.11712646484375 0.11568603515625
0 0.90546875 0.0875 0.12672119140625 0.12806396484375
0 0.90703125 0.2953125 0.1327392578125 0.1656982421875
0 0.71015625 0.2890625 0.1451416015625 0.14365234375
0 0.8953125 0.48828125 0.1374267578125 0.1360595703125
0 0.70625 0.4921875 0.1279541015625 0.1279541015625
0 0.4921875 0.5 0.1216796875 0.1654541015625
0 0.29453125 0.4921875 0.1578369140625 0.1563720703125
0 0.09765625 0.4921875 0.1048095703125 0.16259765625
0 0.09921875 0.70625 0.129541015625 0.128173828125
0 0.3 0.7046875 0.13125 0.1312744140625
0 0.5015625 0.68515625 0.1188720703125 0.12025146484375
0 0.72109375 0.70234375 0.10780029296875 0.15782470703125
0 0.9015625 0.6984375 0.1341796875 0.13143310546875
0 0.0953125 0.8921875 0.1280029296875 0.12803955078125
0 0.2890625 0.8890625 0.13447265625 0.1344970703125
0 0.49765625 0.8984375 0.12357177734375 0.12506103515625
0 0.69609375 0.8984375 0.1140625 0.15614013671875
0 0.91171875 0.8953125 0.11728515625 0.1438720703125