0 0.178125 0.67578125 0.0529541015625 0.05150146484375
0 0.32421875 0.65546875 0.0423583984375 0.0423583984375
0 0.4375 0.67734375 0.046826171875 0.0483154296875
0 0.5828125 0.6671875 0.04052734375 0.0405517578125
0 0.70078125 0.68828125 0.03585205078125 0.034375
0 0.8203125 0.66875 0.04365234375 0.04384765625
0 0.14140625 0.2046875 0.0389892578125 0.04052734375
0 0.2234375 0.22578125 0.034228515625 0.03277587890625
0 0.3046875 0.2015625 0.03739013671875 0.03741455078125
0 0.3671875 0.2125 0.031103515625 0.0345458984375
0 0.440625 0.1921875 0.040625 0.0406005859375
0 0.509375 0.2296875 0.04044189453125 0.0406982421875
0 0.584375 0.2109375 0.0406982421875 0.0436767578125
0 0.653125 0.22421875 0.0405517578125 0.039111328125
0 0.73671875 0.19921875 0.032861328125 0.032861328125
0 0.8203125 0.23359375 0.034326171875 0.0453369140625
0 0.91796875 0.215625 0.038916015625 0.0376708984375