0 0.890625 0.37734375 0.068896484375 0.06875
0 0.75390625 0.25625 0.079833984375 0.08125
0 0.784375 0.54296875 0.0874267578125 0.085986328125
0 0.60546875 0.159375 0.0671875 0.05938720703125
0 0.21015625 0.18984375 0.070263671875 0.0702392578125
0 0.0859375 0.4171875 0.0625244140625 0.0625244140625
0 0.296875 0.39453125 0.0592529296875 0.0578857421875
0 0.2234375 0.55859375 0.075 0.07646484375
0 0.48828125 0.4 0.067138671875 0.06566162109375
0 0.45390625 0.1671875 0.06392822265625 0.06246337890625
0 0.4296875 0.55390625 0.0563232421875 0.0797607421875
0 0.596875 0.53828125 0.0560791015625 0.06396484375