0 0.16015625 0.58125 0.0670654296875 0.0657470703125
0 0.84375 0.58671875 0.0688720703125 0.0701904296875
0 0.2328125 0.48203125 0.05302734375 0.0545654296875
0 0.27421875 0.43984375 0.03924560546875 0.0453125
0 0.39765625 0.42265625 0.04541015625 0.04228515625
0 0.36953125 0.4640625 0.042236328125 0.0407470703125
0 0.29609375 0.5171875 0.05 0.0470703125
0 0.27421875 0.5625 0.048583984375 0.05003662109375
0 0.23515625 0.609375 0.06103515625 0.0562744140625
0 0.328125 0.60546875 0.0563720703125 0.05146484375
0 0.3890625 0.54609375 0.0499267578125 0.04835205078125
0 0.43046875 0.53515625 0.048388671875 0.048388671875
0 0.4640625 0.50078125 0.0468994140625 0.053125
0 0.48515625 0.453125 0.0453125 0.04080810546875
0 0.53515625 0.43125 0.0421630859375 0.04072265625
0 0.6125 0.4546875 0.04053955078125 0.03758544921875
0 0.57890625 0.50703125 0.04833984375 0.04832763671875
0 0.5171875 0.5578125 0.0623779296875 0.06239013671875
0 0.46796875 0.60625 0.06414794921875 0.0529541015625
0 0.59140625 0.5796875 0.05775146484375 0.05628662109375
0 0.640625 0.58671875 0.0532470703125 0.05452880859375
0 0.70390625 0.58828125 0.0546875 0.05
0 0.68046875 0.53203125 0.05782470703125 0.05487060546875
0 0.64609375 0.39765625 0.0390380859375 0.0391845703125
0 0.7046875 0.44375 0.0374755859375 0.037451171875
0 0.75 0.47734375 0.06563720703125 0.0515625
0 0.759375 0.53671875 0.053125 0.0546142578125
0 0.771875 0.58671875 0.06241455078125 0.06416015625