0 0.24609375 0.209375 0.09830322265625 0.0969482421875
0 0.1953125 0.309375 0.06573486328125 0.13126220703125
0 0.35078125 0.2421875 0.0826904296875 0.0813720703125
0 0.43203125 0.2234375 0.0640625 0.118798828125
0 0.47421875 0.12734375 0.06424560546875 0.13603515625
0 0.55078125 0.17890625 0.092041015625 0.09205322265625
0 0.5171875 0.31640625 0.09361572265625 0.09212646484375
0 0.615625 0.24921875 0.1031494140625 0.103125
0 0.6953125 0.1875 0.0654296875 0.115673828125
0 0.77265625 0.18203125 0.09228515625 0.0923095703125
0 0.7203125 0.321875 0.0937744140625 0.09376220703125