0 0.12265625 0.0703125 0.10458984375 0.1031982421875
0 0.36015625 0.06484375 0.08896484375 0.08896484375
0 0.6515625 0.07109375 0.10625 0.09833984375
0 0.87578125 0.065625 0.1 0.09990234375
0 0.12734375 0.40390625 0.07960205078125 0.07960205078125
0 0.3796875 0.38203125 0.0749267578125 0.0734375
0 0.64140625 0.39921875 0.0704833984375 0.07041015625
0 0.8625 0.4046875 0.0780517578125 0.0780517578125
0 0.121875 0.7640625 0.1750732421875 0.1219482421875
0 0.39375 0.7890625 0.13446044921875 0.13740234375
0 0.6171875 0.79296875 0.14376220703125 0.159375
0 0.89375 0.74609375 0.12803955078125 0.12666015625