0 0.125 0.17578125 0.03760986328125 0.06710205078125
0 0.17578125 0.228125 0.046875 0.0468505859375
0 0.23671875 0.2578125 0.0485595703125 0.0499755859375
0 0.3140625 0.3171875 0.040625 0.0626708984375
0 0.396875 0.33828125 0.0561767578125 0.054736328125
0 0.48359375 0.39609375 0.04825439453125 0.08282470703125
0 0.540625 0.37578125 0.0500244140625 0.0889892578125
0 0.61796875 0.2921875 0.0640380859375 0.0654541015625
0 0.65703125 0.4625 0.0608154296875 0.0594970703125
0 0.68828125 0.225 0.0391357421875 0.0689208984375
0 0.784375 0.25390625 0.037646484375 0.07666015625
0 0.8375 0.21328125 0.04991455078125 0.04853515625
0 0.8859375 0.184375 0.0405517578125 0.04052734375