0 0.11484375 0.1125 0.045263671875 0.043896484375
0 0.103125 0.5875 0.0501708984375 0.0529541015625
0 0.18515625 0.10625 0.0328125 0.04686279296875
0 0.1953125 0.5796875 0.0470703125 0.065625
0 0.884375 0.07421875 0.0500244140625 0.0515380859375
0 0.90546875 0.59765625 0.06090087890625 0.060888671875
0 0.7984375 0.0859375 0.03448486328125 0.05643310546875
0 0.8203125 0.5640625 0.056298828125 0.0532958984375
0 0.24296875 0.0859375 0.0514892578125 0.0530029296875
0 0.315625 0.09609375 0.0625732421875 0.0638916015625
0 0.36953125 0.1203125 0.07044677734375 0.07171630859375
0 0.74921875 0.07109375 0.04521484375 0.06092529296875
0 0.66328125 0.07421875 0.07344970703125 0.07344970703125
0 0.59609375 0.075 0.06715087890625 0.06861572265625
0 0.4984375 0.08359375 0.0811767578125 0.08265380859375
0 0.2765625 0.5765625 0.05301513671875 0.0532470703125
0 0.340625 0.57890625 0.04981689453125 0.06707763671875
0 0.42421875 0.58203125 0.0485107421875 0.0609130859375
0 0.503125 0.58828125 0.04686279296875 0.05458984375
0 0.58828125 0.58359375 0.05157470703125 0.05155029296875
0 0.66796875 0.5796875 0.03905029296875 0.06580810546875
0 0.75546875 0.5625 0.0390869140625 0.053076171875