0 0.0796875 0.3078125 0.034375 0.0234375
0 0.1234375 0.31328125 0.01953125 0.01640625
0 0.1859375 0.31796875 0.0265625 0.01640625
0 0.225 0.3140625 0.025 0.01796875
0 0.20234375 0.3859375 0.03984375 0.0203125
0 0.2625 0.38046875 0.028125 0.0203125
0 0.259375 0.3140625 0.01484375 0.0140625
0 0.29296875 0.31796875 0.0234375 0.01640625
0 0.3359375 0.31796875 0.01328125 0.01328125
0 0.37890625 0.3171875 0.0265625 0.015625
0 0.41171875 0.3203125 0.01953125 0.01484375
0 0.3546875 0.3859375 0.0375 0.01796875
0 0.42421875 0.38515625 0.03125 0.02421875
0 0.45078125 0.31875 0.01953125 0.01953125
0 0.4890625 0.32109375 0.0296875 0.01875
0 0.534375 0.3234375 0.025 0.015625
0 0.5078125 0.3828125 0.028125 0.01953125
0 0.57890625 0.38671875 0.02109375 0.0234375
0 0.57421875 0.32265625 0.01953125 0.01953125
0 0.6171875 0.3265625 0.0234375 0.02578125
0 0.6609375 0.32265625 0.028125 0.02109375
0 0.67890625 0.32421875 0.01796875 0.0140625
0 0.70703125 0.32578125 0.02109375 0.01796875
0 0.75 0.32421875 0.025 0.015625
0 0.63984375 0.38125 0.028125 0.01640625
0 0.71796875 0.384375 0.0296875 0.01796875
0 0.803125 0.3890625 0.0296875 0.021875
0 0.8625 0.3859375 0.01953125 0.02109375
0 0.9328125 0.38125 0.03125 0.01875
0 0.78984375 0.32109375 0.0265625 0.021875
0 0.82109375 0.31796875 0.0296875 0.01953125
0 0.865625 0.3203125 0.01953125 0.0203125
0 0.91953125 0.33046875 0.028125 0.02890625
0 0.09453125 0.80390625 0.02109375 0.01484375
0 0.921875 0.8125 0.0296875 0.02109375
0 0.92890625 0.86796875 0.028125 0.0203125
0 0.87109375 0.80625 0.01640625 0.01796875
0 0.865625 0.87109375 0.0265625 0.0203125
0 0.8296875 0.80546875 0.01640625 0.01796875
0 0.13984375 0.81171875 0.0296875 0.02578125
0 0.18671875 0.81015625 0.028125 0.02421875
0 0.21953125 0.884375 0.0296875 0.0234375
0 0.23515625 0.81015625 0.02265625 0.0203125
0 0.26640625 0.809375 0.01875 0.0171875
0 0.29375 0.8765625 0.0265625 0.02109375
0 0.31484375 0.8125 0.02265625 0.0171875
0 0.3546875 0.81015625 0.02578125 0.015625
0 0.3921875 0.8125 0.0265625 0.0171875
0 0.4359375 0.81171875 0.028125 0.015625
0 0.46875 0.81328125 0.01875 0.0171875
0 0.503125 0.81484375 0.0203125 0.01328125
0 0.55390625 0.81328125 0.02578125 0.01484375
0 0.59296875 0.8125 0.02265625 0.01484375
0 0.63125 0.8125 0.02578125 0.01640625
0 0.67578125 0.8109375 0.021875 0.01328125
0 0.70390625 0.8140625 0.0171875 0.01328125
0 0.72890625 0.81640625 0.021875 0.01328125
0 0.7640625 0.8171875 0.02265625 0.0171875
0 0.80703125 0.81171875 0.02578125 0.0203125
0 0.37890625 0.87890625 0.03125 0.02109375
0 0.44375 0.878125 0.028125 0.01953125
0 0.5265625 0.87734375 0.0265625 0.01875
0 0.60078125 0.88125 0.021875 0.01875
0 0.6515625 0.8734375 0.02421875 0.01484375
0 0.72890625 0.87578125 0.0265625 0.01875
0 0.8109375 0.87578125 0.0296875 0.0203125