0 0.19453125 0.0859375 0.0546875 0.065625
0 0.11953125 0.22265625 0.04765625 0.065625
0 0.26484375 0.29609375 0.04765625 0.07421875
0 0.37421875 0.1578125 0.0421875 0.07109375
0 0.5859375 0.18203125 0.0515625 0.06953125
0 0.8515625 0.08671875 0.0375 0.05
0 0.1234375 0.3890625 0.06171875 0.07265625
0 0.43671875 0.3609375 0.0515625 0.0546875
0 0.67109375 0.3953125 0.05859375 0.05703125
0 0.82265625 0.4515625 0.05 0.0546875
0 0.16015625 0.63359375 0.0515625 0.07265625
0 0.34921875 0.484375 0.05 0.07109375
0 0.32734375 0.6796875 0.04765625 0.06953125
0 0.50859375 0.59375 0.04609375 0.053125
0 0.71640625 0.6 0.05 0.06953125
0 0.89453125 0.65390625 0.05859375 0.0671875
0 0.1953125 0.8203125 0.04609375 0.0546875
0 0.4515625 0.803125 0.04453125 0.05703125
0 0.64453125 0.778125 0.0515625 0.06015625
0 0.83515625 0.840625 0.05 0.07421875