0 0.153125 0.16015625 0.05 0.0391845703125
0 0.296875 0.15625 0.046875 0.046826171875
0 0.48125 0.15859375 0.0439453125 0.0359375
0 0.7 0.14375 0.04376220703125 0.04080810546875
0 0.890625 0.15546875 0.0468017578125 0.048291015625
0 0.09609375 0.31484375 0.0421630859375 0.0421875
0 0.33125 0.31328125 0.05009765625 0.04853515625
0 0.51328125 0.29921875 0.04530029296875 0.04825439453125
0 0.70625 0.32265625 0.0407470703125 0.042236328125
0 0.884375 0.2921875 0.0501953125 0.03740234375
0 0.13203125 0.478125 0.0420166015625 0.0407470703125
0 0.5484375 0.4828125 0.0407470703125 0.0405029296875
0 0.703125 0.4765625 0.04053955078125 0.03768310546875
0 0.88359375 0.475 0.0453125 0.0376953125
0 0.20703125 0.64296875 0.095458984375 0.0954345703125
0 0.51328125 0.63046875 0.0642333984375 0.04208984375
0 0.71875 0.64140625 0.053125 0.0484130859375
0 0.890625 0.63671875 0.043798828125 0.0388916015625
0 0.52421875 0.78828125 0.0516845703125 0.0516845703125
0 0.71328125 0.78984375 0.0576416015625 0.0548583984375
0 0.884375 0.778125 0.04989013671875 0.04989013671875