0 0.18125 0.49296875 0.062646484375 0.0640625
0 0.2453125 0.40234375 0.0626708984375 0.0517333984375
0 0.346875 0.37734375 0.0560546875 0.054541015625
0 0.375 0.33125 0.0531982421875 0.0498046875
0 0.48203125 0.40625 0.06396484375 0.0626953125
0 0.5703125 0.340625 0.05018310546875 0.05313720703125
0 0.67890625 0.33125 0.05162353515625 0.05013427734375
0 0.7125 0.37109375 0.06234130859375 0.061083984375
0 0.71328125 0.43203125 0.073388671875 0.073388671875
0 0.76328125 0.4765625 0.075 0.075
0 0.5234375 0.4734375 0.071826171875 0.0716796875