0 0.078125 0.0640625 0.02734375 0.04375
0 0.1109375 0.05625 0.0390625 0.040625
0 0.24140625 0.065625 0.0328125 0.040625
0 0.27734375 0.06796875 0.03515625 0.0359375
0 0.43046875 0.0625 0.040625 0.03125
0 0.54609375 0.05859375 0.0375 0.0390625
0 0.6109375 0.06875 0.03125 0.0375
0 0.6921875 0.07265625 0.0453125 0.0390625
0 0.8953125 0.06796875 0.0328125 0.0359375
0 0.896875 0.0984375 0.03125 0.025
0 0.103125 0.19921875 0.0390625 0.0359375
0 0.21875 0.2109375 0.0546875 0.03125
0 0.2921875 0.2015625 0.0328125 0.028125
0 0.4140625 0.23203125 0.03125 0.0390625
0 0.5796875 0.19609375 0.0390625 0.0390625
0 0.75078125 0.20078125 0.0328125 0.0328125
0 0.878125 0.1921875 0.0765625 0.040625
0 0.09375 0.35078125 0.0390625 0.034375
0 0.0890625 0.378125 0.0328125 0.0203125
0 0.2765625 0.3453125 0.0328125 0.0359375
0 0.3953125 0.40390625 0.0484375 0.034375
0 0.10234375 0.4859375 0.0328125 0.0421875
0 0.225 0.47890625 0.0234375 0.03125
0 0.2609375 0.47734375 0.0328125 0.034375
0 0.0421875 0.703125 0.0484375 0.0328125
0 0.26484375 0.621875 0.040625 0.0234375
0 0.04765625 0.76171875 0.03671875 0.040625
0 0.1265625 0.75546875 0.03515625 0.034375
0 0.28046875 0.76640625 0.0375 0.040625
0 0.56328125 0.3375 0.03671875 0.04609375
0 0.5953125 0.3296875 0.03828125 0.04140625
0 0.7296875 0.3390625 0.03671875 0.0359375
0 0.85625 0.37109375 0.03828125 0.04453125
0 0.43203125 0.46796875 0.0484375 0.04296875
0 0.61796875 0.49296875 0.0453125 0.040625
0 0.7453125 0.4859375 0.0328125 0.040625
0 0.76875 0.48984375 0.028125 0.02890625
0 0.896875 0.52734375 0.0328125 0.0359375
0 0.4578125 0.65390625 0.0328125 0.03359375
0 0.596875 0.61171875 0.03828125 0.04140625
0 0.7484375 0.6234375 0.03828125 0.040625
0 0.87734375 0.62734375 0.03671875 0.0359375
0 0.94296875 0.62890625 0.03125 0.03359375
0 0.4125 0.76953125 0.0328125 0.040625
0 0.5859375 0.7609375 0.0296875 0.0390625
0 0.625 0.75859375 0.034375 0.040625
0 0.62578125 0.796875 0.0328125 0.025
0 0.7015625 0.83671875 0.0484375 0.03515625
0 0.8984375 0.76328125 0.0328125 0.0390625