0 0.96796875 0.03515625 0.0516845703125 0.06083984375
0 0.915625 0.20078125 0.0499755859375 0.04844970703125
0 0.93359375 0.3234375 0.054736328125 0.056201171875
0 0.9328125 0.48359375 0.062451171875 0.06390380859375
0 0.9578125 0.62734375 0.049951171875 0.0515869140625
0 0.93671875 0.76875 0.0548583984375 0.0560791015625
0 0.9546875 0.9140625 0.05302734375 0.0530517578125
0 0.6515625 0.0640625 0.0499755859375 0.0500244140625
0 0.53046875 0.0609375 0.05172119140625 0.053076171875
0 0.36328125 0.04921875 0.05 0.0625
0 0.209375 0.05234375 0.0592529296875 0.05791015625
0 0.08515625 0.0734375 0.054833984375 0.056298828125
0 0.0484375 0.190625 0.0466796875 0.0439453125
0 0.21015625 0.1875 0.046875 0.04688720703125
0 0.36484375 0.18515625 0.0515625 0.0515625
0 0.071875 0.34140625 0.0654541015625 0.07666015625
0 0.21328125 0.33515625 0.04853515625 0.0485595703125
0 0.0859375 0.4703125 0.04383544921875 0.05313720703125
0 0.19296875 0.490625 0.0391845703125 0.0561279296875
0 0.07734375 0.63125 0.05771484375 0.0563720703125
0 0.23515625 0.6140625 0.051708984375 0.053125
0 0.04609375 0.77421875 0.04835205078125 0.04539794921875
0 0.23203125 0.765625 0.05478515625 0.0656982421875
0 0.50234375 0.2390625 0.0515625 0.06259765625
0 0.6390625 0.2 0.0561767578125 0.056103515625
0 0.78984375 0.18515625 0.0375 0.04844970703125
0 0.65078125 0.33671875 0.054736328125 0.054736328125
0 0.50703125 0.3421875 0.05772705078125 0.06573486328125
0 0.365625 0.33359375 0.0563720703125 0.05775146484375
0 0.36328125 0.47890625 0.04862060546875 0.05137939453125
0 0.509375 0.4671875 0.0498291015625 0.0470703125
0 0.65703125 0.471875 0.0452880859375 0.0437744140625
0 0.80078125 0.47734375 0.057666015625 0.057666015625
0 0.3765625 0.6234375 0.05 0.05927734375
0 0.50625 0.63046875 0.0375 0.0359619140625
0 0.65 0.63125 0.0563720703125 0.05634765625
0 0.79453125 0.62265625 0.06103515625 0.05780029296875
0 0.365625 0.76953125 0.046826171875 0.05166015625
0 0.51875 0.7671875 0.05615234375 0.05616455078125
0 0.6734375 0.75390625 0.050048828125 0.0578125
0 0.81328125 0.76640625 0.059375 0.059375
0 0.071875 0.92734375 0.05322265625 0.07021484375
0 0.19765625 0.91796875 0.0579345703125 0.0640625
0 0.38125 0.92890625 0.050146484375 0.05146484375
0 0.4875 0.9046875 0.0500244140625 0.0499755859375
0 0.65625 0.96875 0.0468017578125 0.04061279296875
0 0.80078125 0.92109375 0.0515625 0.0515625
0 0.7875 0.03671875 0.06878662109375 0.07015380859375
0 0.79140625 0.328125 0.06090087890625 0.062353515625