0 0.92109375 0.13125 0.03590087890625 0.03443603515625
0 0.8421875 0.1296875 0.037451171875 0.0375
0 0.74453125 0.04765625 0.0359375 0.03594970703125
0 0.771875 0.134375 0.0406005859375 0.0435791015625
0 0.728125 0.190625 0.04383544921875 0.04385986328125
0 0.68671875 0.1296875 0.0391357421875 0.0376708984375
0 0.65625 0.05 0.0282958984375 0.028271484375
0 0.590625 0.0484375 0.04366455078125 0.0283203125
0 0.6359375 0.090625 0.03426513671875 0.028125
0 0.5828125 0.1015625 0.04044189453125 0.02509765625
0 0.5953125 0.13515625 0.04393310546875 0.0359375
0 0.528125 0.04921875 0.025146484375 0.0265869140625
0 0.5 0.10234375 0.03426513671875 0.03291015625
0 0.5078125 0.13203125 0.0501708984375 0.03271484375
0 0.43359375 0.13515625 0.0451416015625 0.02978515625
0 0.434375 0.09765625 0.0375244140625 0.0375
0 0.44765625 0.05390625 0.035791015625 0.0358154296875
0 0.3734375 0.0453125 0.03426513671875 0.03448486328125
0 0.2921875 0.0375 0.0342041015625 0.0313232421875
0 0.2265625 0.03984375 0.04071044921875 0.0421875
0 0.36484375 0.09296875 0.0359375 0.0234619140625
0 0.30546875 0.0875 0.03287353515625 0.034228515625
0 0.35078125 0.13046875 0.03291015625 0.03289794921875
0 0.275 0.128125 0.03455810546875 0.03455810546875
0 0.21328125 0.1296875 0.03287353515625 0.034228515625
0 0.57734375 0.19453125 0.0420166015625 0.0420166015625
0 0.403125 0.19765625 0.04671630859375 0.04544677734375
0 0.20390625 0.196875 0.05479736328125 0.03758544921875
0 0.840625 0.3953125 0.04044189453125 0.0376708984375
0 0.765625 0.36640625 0.040673828125 0.0421630859375
0 0.7015625 0.3609375 0.04063720703125 0.0281494140625
0 0.6265625 0.36484375 0.046875 0.03602294921875
0 0.7515625 0.41640625 0.04700927734375 0.04849853515625
0 0.825 0.4578125 0.0530517578125 0.0314208984375
0 0.73046875 0.46171875 0.0421142578125 0.042138671875
0 0.6546875 0.41875 0.0529296875 0.0343994140625
0 0.62890625 0.459375 0.0421142578125 0.040673828125
0 0.77421875 0.54140625 0.05169677734375 0.051708984375
0 0.6578125 0.5390625 0.0406494140625 0.040673828125
0 0.53828125 0.365625 0.0392333984375 0.0406982421875
0 0.5046875 0.525 0.04373779296875 0.04376220703125
0 0.3609375 0.5328125 0.05926513671875 0.03758544921875
0 0.1859375 0.5265625 0.0498291015625 0.0498291015625
0 0.90234375 0.80078125 0.0423583984375 0.04521484375
0 0.8296875 0.79921875 0.0373291015625 0.03609619140625
0 0.73671875 0.721875 0.0327392578125 0.034228515625
0 0.7671875 0.8046875 0.03748779296875 0.0374755859375
0 0.7078125 0.85 0.0529541015625 0.04677734375
0 0.675 0.79765625 0.03427734375 0.0329345703125
0 0.66171875 0.721875 0.03583984375 0.0248046875
0 0.646875 0.76328125 0.03441162109375 0.03587646484375
0 0.59296875 0.71953125 0.035791015625 0.03580322265625