0 0.184375 0.040625 0.0436279296875 0.04384765625
0 0.44375 0.0515625 0.04989013671875 0.04989013671875
0 0.553125 0.05390625 0.0437744140625 0.0452880859375
0 0.75390625 0.07734375 0.06082763671875 0.03887939453125
0 0.11328125 0.22265625 0.04537353515625 0.045361328125
0 0.4640625 0.27890625 0.049951171875 0.04857177734375
0 0.6203125 0.23046875 0.04693603515625 0.04544677734375
0 0.771875 0.2421875 0.03758544921875 0.03758544921875
0 0.19296875 0.3234375 0.035791015625 0.0345458984375
0 0.31953125 0.4578125 0.046875 0.037646484375
0 0.5984375 0.39375 0.04052734375 0.0375732421875
0 0.8859375 0.396875 0.0438720703125 0.04385986328125
0 0.61640625 0.54921875 0.0482666015625 0.0453857421875
0 0.34921875 0.57421875 0.04522705078125 0.04521484375
0 0.09921875 0.57421875 0.04833984375 0.04833984375
0 0.88671875 0.5796875 0.04853515625 0.047021484375
0 0.1046875 0.7640625 0.04384765625 0.04383544921875
0 0.415625 0.746875 0.05938720703125 0.05938720703125
0 0.565625 0.75703125 0.0438232421875 0.045263671875
0 0.77578125 0.75859375 0.045263671875 0.045263671875